version: 10
file format: 0

training data file: ../en_s1.txt
validation data file: ../en_test1.txt

last probability of validation data: -21135.168236
number of finished iterations: 13
current position in training data: 0
current probability of training data: -21092.926787
save after processing # words: 0
# of training words: 48244
input layer size: 71
hidden layer size: 40
compression layer size: 0
output layer size: 64
direct connections: 0
direct order: 3
bptt: 4
bptt block: 10
vocabulary size: 31
class size: 33
old classes: 0
independent sentences mode: 0
starting learning rate: 0.100000
current learning rate: 0.003125
learning rate decrease: 1


Vocabulary:
     0	         0	</s>	0
     1	      7698	â–	0
     2	      5263	e	1
     3	      2998	a	2
     4	      2958	t	3
     5	      2935	i	4
     6	      2742	n	5
     7	      2668	o	6
     8	      2582	s	7
     9	      2431	r	8
    10	      2386	l	9
    11	      2057	d	10
    12	      1484	h	11
    13	      1446	g	12
    14	      1440	u	13
    15	      1361	c	14
    16	       972	m	15
    17	       919	p	16
    18	       783	w	17
    19	       744	y	18
    20	       698	k	19
    21	       542	b	20
    22	       496	f	21
    23	       313	v	22
    24	       125	q	23
    25	        82	x	24
    26	        72	j	25
    27	        45	z	26
    28	         2	_	27
    29	         1	0	28
    30	         1	3	29

Hidden layer activation:
0.0250
0.1575
0.5127
0.0001
0.0444
0.0000
0.0000
0.1075
0.0023
0.1317
0.0003
0.9678
0.0276
0.0488
0.0608
0.0173
0.0005
0.0039
0.0000
0.0006
0.0001
0.0034
0.0128
0.0000
0.0000
0.0025
0.0001
0.0025
0.0114
0.0375
0.0001
0.0846
0.0017
0.0001
0.3538
0.0019
0.1872
0.0387
0.0052
0.0000

Weights 0->1:
0.0178
-5.8052
-0.3536
-3.7437
-0.4644
2.2360
-3.6349
-2.7700
0.2168
-2.9297
-0.5033
-0.8896
1.2601
4.1124
-1.7783
3.1988
0.6311
-1.0519
0.7710
-0.3398
-1.9184
-1.9296
-0.6678
3.9673
-0.6794
-0.4980
-0.7851
0.4742
-0.1665
-0.0482
0.0315
-2.6562
0.0016
-1.7485
1.9296
1.5797
1.1632
-2.7807
-0.6745
-1.2000
-2.5467
0.0997
-0.9729
-4.8901
-1.1215
-2.1550
-2.2722
-1.4115
-0.5260
0.0073
-0.8322
-1.7110
-2.5644
3.4137
-1.4700
-2.3703
0.0556
-1.4775
-2.6468
-0.5448
0.3539
-1.6520
1.3451
-3.4256
3.3878
1.2552
0.0896
-1.0311
-0.6205
-2.5988
-1.6121
0.0723
-2.3240
-2.2735
-1.9278
1.6022
0.7642
-3.4991
-0.0958
1.3553
-1.9395
-3.7416
-2.6629
0.4306
-0.3531
-1.0377
1.7786
0.4360
-1.0350
-3.7187
1.2942
0.7558
-1.2800
1.4676
4.0257
-0.0815
-0.7890
2.3291
3.1695
-0.3249
0.1147
0.0630
-0.3450
-2.0656
-1.0030
-0.1538
-2.6513
2.3950
-2.8268
-0.2849
1.9281
-4.8732
-0.3812
-0.8018
-1.5708
-4.9048
-1.9916
1.8756
-1.2601
0.0519
0.7587
-3.3324
2.8933
0.0541
1.5995
-0.9243
-0.8221
0.7945
1.5668
1.0405
-2.3585
-0.4526
0.5830
-1.5513
-2.1586
-3.3888
-1.1928
-2.5960
0.3414
-0.6740
-3.3239
0.9684
0.2904
-5.9853
5.0100
-5.0422
-2.1460
1.5628
-2.4307
-2.3395
-3.9579
0.1692
3.2225
2.2987
-0.6058
-2.5020
-3.4706
-2.4394
-0.5823
0.5062
2.9844
2.5893
-0.3285
0.3774
-1.5423
-2.5817
-1.2424
0.0245
-0.9738
-0.2403
0.1747
0.1473
0.3362
-0.9917
1.5348
-1.6105
-0.5212
-1.6289
2.6142
-2.8229
0.1723
-3.4423
-3.5053
1.0035
1.8776
-0.8512
-2.4043
-0.1137
0.3593
-0.3438
-2.7560
-2.2191
-1.4888
0.3785
2.6475
0.3923
-4.8872
0.2274
-0.0034
-0.2494
0.8306
-2.5985
-1.3915
-0.1296
-0.1600
-0.5313
1.0603
-0.9903
-2.5810
1.5399
-0.9299
-1.2350
-1.9996
0.0438
-3.4113
-2.2196
2.1756
4.8509
-1.5427
-0.4701
-1.9992
-2.5426
-2.8698
-1.5815
0.3891
-2.3986
-1.9916
3.7618
-1.9619
-2.7231
1.9877
-2.2952
-2.4131
0.3285
1.2388
2.8741
3.1055
0.1584
-0.4320
1.0001
0.9470
0.3851
0.0459
-0.5176
-1.9241
1.6166
0.0309
-1.3834
-2.7534
1.0011
-0.7291
2.1641
-1.0717
-0.7387
-0.8777
-1.2635
-1.3469
-1.9059
-1.2811
-3.1982
1.1502
-0.4881
-0.2277
-3.7180
-0.8624
0.6641
-1.6236
-1.3694
1.3830
-1.0769
-1.0456
-0.3474
-0.5787
-0.6843
-2.1699
-1.6073
-0.5584
-1.7733
-1.3170
1.7634
1.1673
1.1294
-3.4046
-2.0837
0.3765
-4.7551
-0.9076
-5.2021
4.0918
-4.8612
-1.4784
-1.8492
4.1683
-1.8544
4.3414
-2.1050
2.1703
0.8236
-1.4859
-0.0990
0.3096
0.4343
2.8459
-1.5235
-0.2527
2.4267
-0.5419
0.9325
-0.5440
2.1128
-0.7067
1.0343
0.0133
-0.0293
0.0153
-0.4263
0.5280
-0.5827
-3.3648
-0.3205
-2.0597
-1.7058
1.3224
-0.0005
-7.1591
0.1083
-0.2528
-2.4721
-2.7765
-1.8292
1.1187
-3.4978
-1.7121
2.2546
-0.6182
-3.0034
-1.8718
-0.3088
1.7393
1.0684
0.5229
1.3324
-0.3721
1.7718
-0.9095
0.7210
0.9413
-2.6156
0.5317
-3.4329
1.8030
0.5022
0.5414
-1.4168
0.5590
-0.6275
-2.7586
2.3573
-1.3775
1.5399
-2.0643
0.2586
1.1516
-1.0835
-3.1800
-2.4669
-1.1040
-0.2376
0.5708
-2.6641
-3.3314
2.6717
1.9467
0.8799
3.3412
-0.6746
0.0943
-1.2574
-0.4756
0.7530
1.3475
-0.9107
-0.1052
0.1437
0.0958
0.0857
0.4031
0.0074
-3.4236
-3.7455
1.2606
-2.8087
-1.2756
1.2842
0.3765
-5.1971
0.1194
-2.1909
-0.1025
-0.7027
0.4084
1.0281
0.6729
-3.4750
-1.7046
-0.9126
-2.4288
0.9963
-2.3048
-0.4719
-2.1468
-1.9255
-0.0392
-2.4127
-0.2130
0.8264
-0.1770
-0.8776
-0.4908
0.5142
0.8583
-2.7251
-0.2461
-4.1041
-2.5340
2.5298
-0.5402
-2.3278
-5.9290
-4.7142
-0.4922
-3.7906
0.0056
1.0491
-2.2701
-4.0579
-0.3044
-1.3625
4.5999
-1.8110
0.4645
0.2607
0.4962
-0.1954
0.6233
-0.3931
-0.8176
2.3152
1.0549
1.5630
-1.1920
0.4196
0.8007
0.8508
0.0125
-0.2995
-0.1199
-1.4610
-1.4475
0.7307
0.3507
2.2751
0.4313
-1.2092
-2.2777
-2.4211
-2.7080
-1.8132
-3.5195
1.5556
-2.1205
0.7480
-0.4954
0.5129
2.9028
-1.3935
-0.2839
-1.5947
-0.0122
-0.9595
2.3077
-1.5629
-0.7068
-0.0020
0.2625
1.8998
1.8377
-2.2029
0.1147
-2.9042
-0.2999
-0.5269
-1.3493
-1.6174
-1.7862
-1.1717
-0.8326
-0.0606
-3.4019
-3.1904
0.8159
1.7932
-2.6205
0.4436
-2.8526
-0.3015
-0.1768
1.5681
3.4430
-2.4461
1.1913
-1.7110
1.4254
-2.2111
-3.5700
-3.1416
-1.9471
0.2429
1.0296
1.3529
1.3996
0.0877
-0.4953
0.1668
1.1991
-0.1847
0.0720
-0.0300
-1.4212
0.7675
-0.4154
1.9066
-0.4259
-1.9641
-0.9717
1.0885
-1.7896
-6.5490
0.4924
-1.9002
-0.0492
-1.3134
-3.1214
-2.2142
-2.5386
-1.2447
-2.7123
-0.5621
0.1296
-0.8112
-0.4360
-2.3566
-1.4399
1.1938
-1.7305
1.6305
1.1514
-2.2073
1.6146
-1.7284
0.5551
1.3629
1.6714
-1.3740
1.0320
-0.6209
0.4411
-0.9287
-0.0889
-3.7922
-0.7193
-2.9913
0.0629
-0.9272
-5.1862
-2.5608
1.6611
-2.5752
-3.8550
-4.2236
2.0581
4.4812
-0.7235
-2.7536
2.4173
3.0547
0.3795
-0.6713
-0.0643
1.9591
-2.1255
4.2719
-0.2734
-0.5664
0.9587
-1.7830
-0.1292
0.0155
-0.0305
-1.5208
0.5758
-0.2893
-1.6821
1.5520
-0.3294
1.5445
0.9335
-0.4161
-3.1143
0.1077
-1.4811
1.4211
-0.7983
-1.0284
-0.9323
-0.9520
0.4175
3.4933
0.6313
0.8468
-1.7386
0.8000
0.0631
-3.3169
0.0561
0.4629
-1.0023
-1.0046
1.1189
-1.0529
0.3913
-2.0123
-1.8154
-0.6985
-3.2430
-3.2410
-2.4491
1.8837
-2.0111
-0.4479
9.0886
-2.2929
0.4555
-2.7861
-2.0238
-0.9494
-0.3330
-1.5943
-0.6663
-2.5505
-2.1864
-1.5182
-2.0662
-0.0632
-1.5268
-1.1027
-0.1632
-0.7769
-0.4497
-2.2724
-0.7999
-2.2908
-2.6813
-1.3426
-0.6930
0.4165
-0.6706
-0.2558
-0.1978
-0.4696
-0.5159
0.7302
-1.7034
-0.4326
-1.1029
0.2409
-1.5593
-0.3423
-1.1581
-1.1760
-0.7058
-0.8819
-0.9911
0.3603
-0.3490
-1.3700
-1.6094
0.5271
-0.2552
-0.2802
-1.4077
-0.4104
-0.2923
-2.0793
-0.2253
-2.6257
-1.1676
-1.7007
-0.7298
-1.2123
0.6733
-0.6866
0.6793
-1.4919
0.3816
-1.8080
-0.3583
0.1952
-1.1070
0.8313
0.0977
-4.4180
1.8068
-3.0009
-2.9646
4.1972
1.3966
1.6973
-2.4648
-0.8761
-2.8956
-1.8227
0.4414
-1.3560
-2.3620
3.5692
-0.1858
-0.2741
-2.3036
0.0760
-1.2111
-1.0954
-0.2074
-0.4707
-0.1111
-1.0008
-0.3301
-0.4976
-0.0054
-0.0293
0.2053
-2.7423
-1.5213
0.6005
-2.9201
-1.9428
-0.8499
-3.8033
1.7734
1.1192
-4.1183
1.0811
-0.5010
-1.7915
1.3054
-0.4669
-6.4920
0.0027
0.7684
3.0651
0.6612
-0.9874
-0.4598
-2.2328
-0.6871
2.0096
-0.2780
-2.7025
-4.7835
-0.8700
-0.4610
-0.0870
-0.2258
0.6187
-0.7908
-6.1206
-2.2377
-1.3137
2.0837
-0.4895
-0.9831
0.4079
-11.0727
2.7816
0.7956
0.3448
-0.8926
-2.5469
-0.6965
1.8819
-2.2735
0.8600
-2.0320
1.7651
3.9692
0.2593
-0.8064
-1.7364
-1.7516
1.2545
3.1202
1.2876
-8.5763
-3.0400
0.2894
-0.2253
-0.7667
-0.6728
-3.2881
0.1090
-0.0144
0.2624
2.8446
1.6906
0.8962
-2.4871
0.0888
0.8270
-2.7076
1.7425
-0.8170
-6.1668
1.9955
1.8744
0.1788
-2.0656
-1.3255
-0.3963
-2.3043
-2.4376
-0.4456
-0.4039
3.6866
1.1966
2.1599
-2.3970
-1.8029
1.6986
4.1506
-0.8393
-0.9903
0.6041
-0.9069
0.7342
0.7485
-1.4465
-0.1135
-0.2687
3.0249
-0.7495
-0.3099
-2.8634
-0.2218
-6.4090
-4.3627
-1.8492
-1.8427
8.4007
-2.1779
2.2550
-3.5638
-0.9582
-3.7839
-0.2200
-0.8147
-1.4269
0.2514
-1.0542
-0.6486
-1.3560
-0.0199
0.1031
1.5906
-0.2331
-0.7988
1.9715
-1.6082
-1.9728
0.3930
-0.1764
-0.4013
0.0236
0.0446
-1.4438
1.8359
-2.3442
0.6958
0.7410
1.8031
-3.1416
-1.1244
0.0700
-1.2017
1.3709
0.6889
1.2694
-1.8826
-3.1912
-1.2685
-1.2323
-2.2213
-4.4653
-2.5196
-3.1093
-1.1010
-5.1677
0.4733
-1.5755
-2.2864
1.7551
-3.3482
0.8669
2.3071
1.6082
-0.0083
-0.5161
1.7680
-0.3883
-1.3181
0.8179
-0.6666
-1.3227
-1.4907
0.0931
-8.9866
-6.5075
-2.3300
4.1727
-6.6169
0.2553
-6.5051
-0.5615
1.6028
0.4562
2.1085
-0.9093
-1.5644
-3.9682
-0.1332
-0.1775
-0.5755
-0.0481
-2.6249
3.3805
1.2947
-2.9127
2.7983
-1.5527
1.6659
-0.2727
0.9673
0.3974
0.0203
-0.1261
1.4772
0.3236
-0.7140
0.0450
0.9194
2.1455
-2.5616
-0.2552
1.7083
-3.8495
-1.2311
-0.3449
-0.4699
1.4248
1.6968
1.0515
4.2277
1.6511
2.2883
1.2732
-2.6221
1.7424
-1.9769
0.2007
-1.1383
-1.8508
-0.7619
0.2323
2.5664
-0.8325
-0.2692
-2.1510
-0.7410
2.2371
-0.9316
1.4965
0.2292
-1.3843
0.5988
-3.7613
0.2067
-1.3484
0.0154
3.4884
-3.7360
0.8640
2.8513
-1.6652
-2.6847
-0.9517
-1.5598
-0.8594
-1.0162
-2.8688
2.5695
-3.3148
-0.8915
-0.8199
-3.3837
-2.8696
2.8740
-2.2967
-2.1054
1.0494
1.8593
1.5237
-0.4331
-0.0181
0.8470
0.4570
0.5335
-0.0314
-0.4316
-0.7151
-2.2337
-1.5954
-1.3533
1.2866
-1.2389
-2.2952
0.5202
-0.4878
-1.7288
-2.8010
-3.0089
-1.3931
-1.4762
-2.1623
2.0576
-1.8221
0.3873
-2.6989
0.7569
1.8438
-2.5753
-2.4437
-1.3218
-0.3744
-1.1857
1.0869
0.9222
-0.5233
-0.2305
0.2592
0.0102
-0.2416
-0.1099
-2.7497
-1.6248
-3.3571
-2.2021
-0.0823
-4.2501
-2.7788
-5.3206
1.2260
-2.2533
-0.4732
-4.9227
-2.7285
3.3596
2.4426
0.6960
-1.0299
2.4804
-0.9057
-2.5318
0.2783
1.7484
-0.3871
-3.3038
-2.8762
1.9143
-1.1415
3.4094
-0.9048
0.1311
1.0240
-0.5042
0.2371
-0.7578
-0.8037
0.0252
-2.9803
-1.5007
0.7813
-2.6902
-1.6366
1.7222
2.3313
1.1113
0.2860
-1.2331
-2.1857
-4.5321
0.7973
-0.8379
0.8684
0.4675
-2.7558
-2.0434
2.1654
-3.0752
-2.4954
-3.2091
1.5276
-4.5935
1.1570
-1.3244
3.1204
-1.5273
-0.4302
-0.7842
0.5854
1.1058
1.6853
-1.0609
1.6067
-2.3590
0.1069
-2.5357
-0.4615
-0.1207
-2.5698
-3.6788
-2.7694
-1.1602
-1.1458
0.2407
1.9618
1.9033
-2.7934
3.2579
1.6172
-3.5675
-2.7411
-3.7008
-2.0803
2.4004
-1.6223
-0.2255
-1.9256
1.8355
-0.6809
2.1860
1.1784
5.0860
0.5549
0.8689
1.1925
0.0056
0.0287
0.1109
1.9633
2.0952
-1.4771
2.8495
-0.3380
2.1076
-0.5511
-0.7864
2.0331
-3.9070
-2.2010
-3.7071
2.6832
-1.3244
-1.1293
-2.6598
-1.7251
-4.4902
-0.7841
0.0833
1.8641
1.0113
2.9540
-1.5461
-0.4519
0.4695
-1.7633
-1.3090
-0.4075
1.2206
-1.2170
0.1134
-1.4104
-1.6038
-2.0701
-1.5140
-4.1957
-0.1038
-2.3642
-1.4571
-0.2463
-1.3223
2.8582
0.7288
-0.5078
1.7509
-2.8963
-3.8873
0.8225
1.4319
-2.3600
-1.8181
-1.4166
-3.7149
-4.0650
-0.4990
-1.0834
-2.1678
5.5914
-0.7119
0.3816
-0.9149
0.7328
-2.6872
-0.8935
-1.2254
-2.0919
0.2370
0.4168
-0.7343
-0.8588
-0.6873
-2.1567
0.4853
0.6747
2.3648
1.2493
2.0289
0.8283
-1.6827
-0.1999
-2.9356
-2.9005
-1.8910
-1.8608
1.2891
-0.3459
-1.2850
-0.5749
-2.2569
-1.7977
-2.8945
-1.0023
-3.0362
-1.5689
1.4395
-2.2434
-1.3345
-0.3106
-0.2695
-0.6760
0.1315
1.0298
-3.1893
-3.1819
0.8470
0.6294
-0.7167
-0.2475
-2.9997
-1.0602
0.1157
-2.8353
-1.0261
-3.0042
-2.1923
-4.4140
2.6202
-2.9117
-0.9441
-3.1678
0.7312
-1.6127
-0.8219
0.7023
0.5088
-1.6051
-2.1108
3.3226
-2.1419
1.9668
0.0224
2.2114
-0.9245
0.4789
-2.0955
1.9568
-0.8870
0.2415
0.3002
0.0492
-0.0075
-1.0650
3.0528
-1.6138
0.1149
-0.5361
-0.0704
0.3689
0.5498
-0.8337
-0.0905
-2.5578
-3.2917
-0.2476
-2.1173
-1.1431
-0.7563
2.7201
0.8102
-2.9581
-1.3082
-2.5811
2.1370
-1.1886
0.4861
0.2915
-2.2941
-2.0413
3.6235
1.0616
-0.2639
-0.7633
-0.2014
-1.2551
1.0134
0.2613
0.1943
-3.5130
-2.9768
-1.3548
0.4299
0.0106
-3.8795
-1.3331
-0.7759
-0.4664
-2.9785
-1.6866
-0.6477
4.7838
-0.3741
-2.2503
0.9687
-2.2081
-2.6596
0.0039
-1.2623
0.0812
-1.8047
-1.2591
1.8675
0.4631
-1.6241
-1.5735
-2.0666
5.6996
0.0836
0.2067
-0.6147
0.1826
0.2306
0.1953
1.7234
-1.1296
0.4414
-1.2340
0.6202
-1.3344
-0.7307
-0.2045
-0.0588
-2.5713
0.8835
-1.0771
-0.4528
-0.6324
0.4216
1.0328
-2.3158
-1.9415
0.3856
-1.6599
-0.3236
-2.7676
-4.9380
-2.4351
-2.2047
2.2982
0.4569
2.6264
-1.8194
0.0320
2.6331
-1.5176
-0.9456
1.7737
-3.9478
-1.3325
-2.0379
-1.3232
1.0910
0.1337
-0.0791
-3.7439
-1.2989
3.5284
-1.6570
-1.8898
-4.8443
5.4541
-1.8669
-3.2861
-1.7758
-0.8558
-0.1075
-1.4067
1.4932
-2.7094
-4.0280
-1.2282
-0.6643
-0.9076
0.7589
4.4918
-0.0257
1.1192
-0.4889
-0.9414
-0.2645
1.5944
-0.1592
0.0361
-0.0765
0.9066
0.4720
-0.9695
-0.1271
-1.0284
2.7252
2.8798
-2.4307
-0.7023
-4.9905
0.8135
-1.8404
2.3681
1.4095
-1.1805
1.5627
-2.2439
0.8856
0.5078
0.9032
-0.0501
-0.8619
0.8088
-3.1130
0.3987
-1.8288
-3.8869
1.5362
-0.2332
-2.9563
-0.1522
-0.3058
-1.4215
0.7553
-1.5711
-1.1117
1.8448
-0.5425
-1.1041
-2.1465
0.1002
-1.4449
3.7441
-1.9977
-3.6819
2.0989
0.6728
5.5793
-2.3110
-2.6086
-2.6772
-1.6054
-1.7532
-2.2043
1.3271
-2.6055
-1.1103
0.2747
1.4857
-1.0637
-1.6830
-2.3596
-0.5065
-0.4044
1.1773
-1.3046
-1.3606
-0.7344
0.2073
0.1745
0.2023
-1.0915
-1.3389
0.3759
1.1783
-1.0548
-0.9250
-1.9769
-1.1857
-2.4370
-1.9878
1.6521
-2.3920
4.0048
-2.6464
-0.2921
-5.1777
-1.0922
-1.8829
-1.5832
-1.9487
1.4461
-4.3481
1.2930
-3.6385
-0.4648
1.3428
-0.0886
-2.5010
-0.9094
1.0243
0.2867
-0.4712
-2.2432
-2.3495
-2.5141
-3.4421
0.7301
-0.1746
-0.0294
-0.0630
-0.1140
-0.1631
-2.7297
4.2282
-3.5437
5.0704
-4.5939
-1.3528
-0.9774
-0.6573
3.2752
-1.9350
-1.7258
-2.6016
3.4634
-0.3052
-1.0481
-3.3863
-3.1192
-1.9223
-1.4886
1.3382
0.2774
-0.9167
-1.1328
-1.5312
-2.3940
-0.5209
0.4132
-0.2489
-0.0002
0.9796
0.3037
-2.6555
-0.4366
0.0724
-1.4539
0.1655
-2.0904
-0.5048
-3.4884
-3.2732
-5.1742
-0.8532
-5.9314
-0.7817
-1.6502
0.0467
1.4008
-0.1981
1.5709
0.8003
-0.7205
-0.1544
-1.2360
1.7789
1.2499
1.0255
-2.3041
-3.4901
2.3144
0.3099
-2.0487
-1.4746
1.6896
-0.3604
-2.0299
-2.3626
0.5588
-3.8400
-1.1386
-0.1763
-1.4584
-3.5513
-3.0252
-2.0331
2.0420
-3.5416
-3.3185
-0.4738
-1.9243
-2.0358
1.8773
0.1730
1.5965
-2.7267
3.9823
1.9462
-0.5587
-3.2891
-0.6996
-0.1738
0.5902
0.4642
0.1807
4.5418
-0.6996
1.6380
0.0706
-0.0120
-0.6347
-1.0410
-1.1801
-0.3842
-1.4908
-1.2792
-0.5861
-0.3590
-0.8628
-0.0290
0.2803
0.4393
1.8053
-1.9452
-1.5671
-3.0141
-1.1752
0.0548
0.5911
0.0189
0.1768
1.2164
-1.3810
-0.9231
-2.0066
-0.9603
-0.1200
-0.6498
-1.9182
-0.3592
-0.6985
0.0071
-1.9234
0.1413
-0.3431
-1.2319
-1.7976
0.4062
-1.9959
-0.6218
-0.2360
-0.2933
0.1788
-2.3910
1.5630
-2.3200
-0.7469
-3.4130
-1.4750
2.6412
-0.2227
-3.9703
-0.9841
-1.8833
-2.3554
0.9881
-0.9084
0.4566
4.5246
-1.2621
0.8278
-0.8087
0.8111
-0.1738
2.4788
-2.1172
1.1756
1.2798
3.0699
-0.6377
0.0257
0.0041
-0.0017
2.1148
-1.1287
2.0507
-1.4408
-2.7933
-1.1332
0.1124
-0.8259
1.2604
-3.6497
0.2584
-4.0125
-2.6109
-1.9710
-1.3297
-1.4098
1.5927
-0.0348
-0.4984
-2.4780
-1.9789
-0.8383
0.6855
-0.8814
-1.6085
-0.9172
-1.7416
3.1486
-1.7775
1.2188
-0.9851
-0.6227
-2.1184
1.3258
-1.2386
-0.5900
1.4932
0.2144
0.9632
0.1075
0.0529
-2.3825
1.7628
-1.4576
1.1766
4.4604
-2.4320
2.5683
2.3220
-0.5158
-2.8241
-1.7701
1.9344
-3.1593
2.1944
-0.8455
-1.0591
-1.9715
-1.9367
0.8289
-3.2251
-0.5724
-2.9751
-2.2966
-0.1044
-0.6262
-0.9673
-0.1642
-0.2110
-0.2729
0.1253
0.9262
-3.0526
-0.6167
-2.5820
-1.9122
-1.2303
0.1766
-0.9164
-1.0114
-1.3652
-0.4150
-2.9363
-0.5888
-1.9698
-1.8155
-0.4679
-0.2029
-3.5306
-0.5384
-3.3536
-3.9019
1.3940
-0.4501
-2.1758
-2.4902
0.5158
-3.9672
-0.2682
-3.2723
2.3768
0.7532
-0.1011
-0.5493
-0.9977
1.2839
2.7497
3.1624
0.7460
-4.0176
-0.8388
0.1252
-4.1253
3.5712
2.8152
-1.1420
1.0885
-4.4580
-3.6009
-2.3738
-5.1018
-4.1542
-0.7700
-3.4591
-0.9899
6.0547
-1.6689
-3.2657
-0.5799
-0.5911
-2.0503
-1.6804
-1.9164
0.2367
-2.8760
-0.7201
0.1390
-1.0386
-0.2697
-0.0179
0.0025
-0.0836
-0.0156
1.0720
0.2275
1.2324
2.2892
-1.5980
0.6334
-0.7504
0.7879
-2.9382
-2.9447
-3.1431
0.4320
-0.2025
-0.3848
0.0719
-0.1769
0.2793
-1.7951
-4.3202
1.1575
0.9354
-0.6877
-0.5149
0.6989
-2.4219
1.8174
-1.2846
2.3601
-2.8104
-0.7534
-1.9636
1.2188
-0.8875
-3.5219
1.5585
2.1049
0.6933
-0.5086
0.4965
-0.0712
-5.7235
-2.1545
-2.8202
-1.0046
-2.7235
-3.6152
0.6167
-2.9754
-1.3318
0.9419
-2.1132
-2.1083
-2.2613
1.4231
7.2005
-1.8743
1.1813
3.8039
-3.4763
-1.0722
1.0510
1.2460
2.7298
6.4421
-0.3096
3.2327
1.9639
-0.0277
-0.3326
-0.4049
3.0253
-0.2905
0.8971
1.7836
0.3353
0.0410
1.7989
-1.3126
-2.2547
-1.8387
1.2550
0.3167
1.4544
0.1639
-1.1438
-1.5006
-0.6116
-0.1765
-0.0328
-0.7629
-4.0989
-1.1318
-1.5898
-0.8925
-1.5989
-0.9915
-1.6524
-2.6369
0.0818
-0.4279
-0.8069
1.6515
-2.1197
-0.8404
-1.9158
-1.3474
2.4225
0.0777
0.0117
-0.3358
0.0859
-6.1204
-4.0379
-3.1425
-3.5388
-7.3449
1.5945
-4.9842
0.2374
-1.4604
-3.2687
1.5425
1.1685
0.6337
-0.4976
-1.2648
-1.1525
-0.0652
5.3965
4.1076
-1.2657
0.2456
0.9448
1.1185
-1.3889
1.8521
2.4344
-1.4523
0.1707
0.3894
0.0506
1.6427
1.5778
0.7964
-1.7502
0.0896
0.3935
-0.2556
1.4326
-1.5024
-1.0678
2.3675
-0.4069
-0.3032
1.1378
0.6248
-3.6622
1.6491
0.2432
-2.0479
-1.1998
-0.5634
1.7173
-1.5765
-1.3206
0.9414
-1.1701
-1.4369
2.4091
-2.1694
0.4615
0.7470
2.0407
-2.0266
1.2296
-2.0163
-1.3562
1.5952
1.2260
-0.8906
0.8470
-0.4970
-2.2073
3.3724
-6.3166
-4.9697
-2.2029
-1.3737
-3.0933
-4.4279
-0.1112
1.8022
-1.7503
-3.8540
-1.4686
4.7116
-0.9316
3.2080
0.8941
-1.2609
-0.6316
1.8519
2.7979
-1.0276
0.6231
-0.5972
0.1580
-0.3984
0.5656
-0.9887
-0.0749
-0.1534
-1.1465
-1.9051
1.0962
-3.6277
-0.2630
-0.8970
3.4461
-2.2421
-3.8463
-4.7522
0.0321
-3.9381
1.3652
-0.7448
-0.4629
1.6807
-3.0082
-1.4151
-1.5133
2.3163
-2.0228
0.4715
1.3185
1.1172
1.2049
3.9450
1.0854
-0.3728
0.4865
-1.6347
-0.9972
2.6804
-2.5593
-1.5308
-2.6239
0.4542
1.5087
1.0315
-1.0731
0.1796
0.2759
-5.1815
-4.2103
1.4692
-1.2956
-1.6835
-3.0747
0.5060
-2.1544
-3.0429
0.0168
-0.7070
1.7106
2.8024
0.5647
1.3143
1.1546
-0.2902
-0.0628
1.5341
1.6701
1.0885
-1.5379
1.2407
-0.2625
-0.4729
0.5638
0.6823
0.0368
0.0858
0.1252
1.6733
-0.8512
0.2648
0.1864
1.4003
-2.4364
-0.3516
-0.1347
-1.0299
-5.6287
-2.7550
-3.7210
0.1990
2.3068
-1.5085
1.7499
0.4586
-4.4685
-1.4650
-1.4489
2.0136
-3.0570
-0.0187
0.6647
3.0935
-1.7352
-1.8156
-1.3545
0.2247
0.6308
0.7154
-0.1125
-1.8608
-0.4213
-3.6774
2.6143
-0.2065
0.8681
-2.4636
1.2303
0.2180
-2.8378
-0.8233
1.4765
-1.1643
-1.2494
-3.4652
0.6756
-1.5849
0.4869
-0.7456
0.0539
0.1989
-2.0800
-0.8955
-0.1784
2.7954
3.7071
-1.8358
-0.5785
-0.8476
-0.8094
2.8640
-1.1270
0.1009
1.8091
-0.4170
-0.9818
-0.0642
0.1421
0.1989
2.7269
-3.0797
-1.5965
-1.8809
-0.2459
-3.6005
1.2734
-0.7847
0.7087
-4.8816
0.7619
-1.2691
-2.3390
-3.3700
1.0292
0.4285
0.2335
-0.9222
0.3395
-1.9614
1.1122
1.3513
1.1765
-2.4560
0.6663
0.6876
-1.1778
-1.8728
-0.9592
-0.4705
-1.8447
-1.6362
1.0804
-1.7194
0.3630
0.7726
-1.6124
0.1432
0.9245
-1.8975
0.1345
-4.9840
-3.7457
0.9838
-2.3419
1.0838
2.6937
0.9402
-0.1112
-2.2895
0.8435
-3.9299
-0.8023
0.6841
-1.7966
6.3566
-3.7055
-1.6400
-0.2168
-1.9561
-2.7275
0.8009
-1.3288
-1.7393
-1.9929
0.4313
1.1335
-0.2390
-0.0591
0.0652
-0.0362
-0.4595
-0.8443
0.8394
-0.6259
-1.7199
-0.1108
0.5747
0.8439
3.2861
-1.3037
-3.2788
-1.9085
-2.8662
-0.3801
-2.4558
-0.8578
-1.8663
-1.4588
0.8055
0.3116
2.2468
-0.6566
-0.6202
-0.1698
0.6073
-2.9582
1.0890
-0.3106
-2.2050
2.2609
-2.0508
-0.1335
-0.4038
-0.3899
-0.8549
-1.9598
-3.6047
0.0103
1.5473
-3.2587
0.1201
2.2650
-3.3747
-3.1361
5.0949
-2.0646
2.3679
-2.5271
-2.6711
0.0854
-0.4632
0.2478
-0.9200
-1.3478
-1.6141
-1.0720
-2.3526
-2.6227
0.0165
-0.9492
1.5358
-0.3241
-1.1212
-0.0577
1.1072
0.3396
1.7319
-0.7687
0.1579
0.1130
0.2255
-0.8973
-1.6046
-3.2515
-2.6715
-0.6567
-0.0136
2.0445
-1.9330
-1.3484
-0.2613
1.1958
-6.2749
-2.4902
-4.4119
-0.5800
0.2946
-0.8024
0.2321
-2.0736
-1.7895
2.6733
1.4695
-0.6249
-0.4975
0.0053
-0.4060
0.7560
-0.7261
-1.0173
0.7979
-1.4390
-0.9514
-2.8459
-0.3275
0.5170
1.2940
-1.8997
-3.3317
-0.8099
0.3762
-0.2939
-3.5798
-3.9733
-1.2497
0.9706
6.8684
1.7770
1.5307
-0.5165
1.8067
-3.1788
-0.7081
-3.9791
-2.7216
3.1711
-0.1845
-2.9426
-3.4974
-3.4412
-4.3946
-3.5283
-2.0305
-1.4923
-2.2193
2.7335
-2.7706
-1.3177
-2.5268
0.3232
-0.0360
0.0820
-2.9700
0.3640
1.3244
2.5688
-0.5057
0.2816
0.0426
-0.3557
-3.3283
-2.0526
0.6041
-1.8968
-0.1355
0.2241
0.3268
-0.2044
-0.5587
-0.1721
0.0884
-2.5486
1.1450
-2.3124
1.9645
0.5374
0.3912
0.2638
-2.0224
0.6977
-2.3763
1.6579
0.4956
1.1516
-0.1335
-1.2454
-0.4741
0.1317
0.2635
-1.1209
-0.0331
2.0048
0.1900
-1.7614
0.7190
-2.4068
-2.9457
-4.4564
0.2597
-0.9217
3.0723
-1.8433
5.1539
-1.1985
-2.3099
-1.5576
-2.0921
0.1503
1.0294
2.1653
0.2513
-1.5048
-0.9351
-2.0495
-1.0763
-0.4282
0.4141
1.6311
0.3033
0.2926
-0.1581
-0.1842
-0.0652
-0.0743
-1.2494
-2.5618
-0.0076
-1.8722
-3.3281
3.0733
-0.1372
0.1902
-4.4014
-0.6007
-4.3826
-1.0660
-3.0007
0.4596
-1.1690
0.5118
2.5412
-1.2537
-2.5214
-2.7984
-3.4207
-0.2816
-0.0992
-1.8185
-1.8361
1.8762
-1.5099
-1.1657
-0.6121
-0.1666
-3.3643
-0.7767
1.6817
-1.6565
0.9844
0.4761
-0.2017
-1.2923
2.1884
-0.0484
-5.6682
-3.1752
-1.1999
1.1150
2.9967
4.6706
-2.4748
-3.3715
1.1487
2.2047
0.3481
-2.1102
-2.4008
-1.4061
-1.7280
0.3164
-3.0860
0.3280
-2.6765
-0.2679
-1.6335
-1.4347
3.1994
-0.8252
-0.2837
0.3119
1.7154
-0.0664
0.0157
0.1675
-0.2037
-0.5784
1.3138
1.9630
-0.0764
-4.3387
-0.8834
2.7007
1.7129
-5.1577
1.5475
-2.9603
-0.3395
-0.3336
-0.7472
-2.4442
1.9033
-2.8266
-2.5718
-0.1620
-3.1321
-3.6734
-0.5777
-2.8476
-2.9012
0.8901
-3.1052
0.5205
-0.0888
-2.8217
4.9786
0.4657
-4.4050
0.3438
0.3459
0.1068
-0.2578
-0.3390
0.8149
-1.2101
-0.0174
-4.0332
0.7488
0.3999
4.6768
-1.2016
-3.0616
2.4784
-2.0949
0.0560
-0.7370
-2.1192
-2.6745
0.8629
-1.5608
-2.7230
-1.6260
-0.6009
-0.0552
-0.6513
0.4977
-0.1029
-2.5422
-1.9100
-0.1667
0.4716
0.6513
-0.6692
0.2236
0.4499
0.6108
1.4354
-1.2482
0.8602
-4.1499
0.4257
1.6586
0.8298
2.2925
-5.0597
-1.8913
-0.9870
-3.4249
0.8046
-1.4079
-3.5031
-2.4850
-2.1162
-0.1369
-0.5416
-0.6775
-2.0911
0.5876
2.6130
-0.9105
2.2083
0.9502
-1.3443
0.2343
2.4482
0.8351
1.0460
-0.4265
-1.2269
0.6563
0.7540
-0.2837
-1.7025
-3.5405
-3.5125
1.2622
0.3920
-7.9217
2.5112
-3.8974
-0.0363
-0.9369
-3.8268
-0.2059
1.3229
0.6502
-3.5089
4.8306
-0.3304
-0.2043
-1.7403
1.6229
0.7830
-0.9110
2.6200
-2.1779
-1.9128
-0.9048
-3.4656
-0.2051
-1.1413
-1.3578
0.4488
0.3585
0.0265
0.0840
0.2469
0.3048
0.3366
0.8194
4.1646
1.3584
1.2344
-1.1633
-0.4278
-0.1450
-3.7768
-1.6807
-1.4624
-1.4244
1.1343
1.1321
-0.8488
-0.0312
-3.2231
-0.6153
-1.5729
-3.9297
-1.0168
0.3881
-2.3466
-2.8714
0.6200
-1.8832
1.4679
3.3671
-1.9339
0.6058
-0.7654
-1.6995
-2.5063
0.1495
1.8982
2.3432
-4.3165
-0.8385
-1.4852
0.1172
-1.5483
4.6796
-4.4172
-0.8315
-1.6921
3.9384
-1.7504
-4.1386
1.0361
3.1405
-0.8405
-0.5806
-3.7427
-2.5556
-1.0910
2.8940
-1.1854
-1.2633
-0.8491
-2.9096
-0.4615
1.3989
-2.7718
-1.9708
0.0092
-1.1206
0.1070
0.2713
0.0902
0.0097
-1.6717
-2.4627
-1.4173
-0.4559
-0.3907
-1.3751
0.5697
0.1901
-1.2332
0.1987
-2.0448
-3.8288
-3.4438
-2.8539
1.0145
3.5589
-0.4214
-0.0352
-0.1259
-2.0884
-0.3727
0.9517
0.8610
0.7007
-2.5392
-2.5656
-5.0823
0.6011
-2.4266
-0.4483
-0.8939
0.2207
0.2676
0.8458
-2.4295
0.0760
1.9137
-2.4716
-3.4299
-1.4301


Weights 1->2:
-0.5714
-0.7187
-1.2213
-0.4763
-0.7638
-0.2583
-0.5815
-0.7630
-0.5668
-0.5103
-0.7047
-2.4446
-0.4347
-1.4499
-0.3387
-0.4330
-0.5340
-0.5208
-0.8744
-0.5589
-0.8647
-0.5620
-0.5897
-0.2503
-0.5854
-0.5719
-0.7721
-0.5993
-1.1034
-0.4363
-0.5997
-0.4579
-0.5343
-0.4402
-0.7382
-0.3951
-0.7265
-0.7665
-1.0818
-0.4229
0.4637
0.5499
1.1494
0.4617
0.7780
0.4026
0.2914
0.4357
0.5930
0.3941
0.5432
2.3408
0.4553
1.3770
0.7211
0.3144
0.4406
0.3617
0.5623
0.6519
0.6950
0.5489
0.4780
0.2574
0.5404
0.3781
0.8118
0.5833
1.0419
0.4862
0.4884
0.6049
0.5905
0.3846
0.7351
0.4230
0.7084
0.7351
0.9424
0.5073
-0.0406
0.1757
0.0378
-0.1614
0.0276
0.0652
0.1463
-0.0688
0.0685
-0.1343
0.0837
0.0649
0.0150
-0.1020
0.1297
-0.0055
0.0926
0.0709
0.1658
-0.2080
-0.1342
-0.0783
-0.1054
0.0410
0.1831
-0.1132
0.0966
-0.0180
-0.1336
-0.1243
0.1001
-0.0009
0.0484
-0.0141
-0.0499
-0.1314
0.1067
-0.0893
0.1117
-0.1218
-0.0241
-0.0114
0.0810
-0.0318
0.0482
-0.0493
-0.0300
0.0989
-0.0917
-0.1360
0.0579
-0.1441
-0.1204
-0.0764
-0.0709
-0.0208
0.0605
-0.0303
-0.0112
0.0842
0.0317
-0.1688
-0.0181
0.0323
-0.1319
-0.0604
0.0153
-0.0980
0.0104
0.1522
-0.0943
0.1466
-0.0364
-0.0623
-0.0629
0.1100
-0.0929
-0.0017
-0.0173
0.0685
0.0197
-0.0058
-0.0522
-0.1398
0.1548
0.0609
0.0576
-0.0945
-0.1258
0.0526
0.0249
0.1227
0.0772
-0.0296
0.1345
0.1377
-0.1805
-0.1048
0.1669
0.1451
0.0820
-0.0168
0.0954
-0.1178
-0.0187
0.0299
0.0378
0.0123
-0.1485
-0.1617
-0.2588
0.0799
0.1486
-0.2048
-0.0202
0.1572
-0.1116
0.1309
-0.1096
-0.0591
0.0351
0.0979
-0.0480
-0.0255
-0.1640
-0.0291
0.0170
0.0936
-0.0040
-0.0089
0.1241
-0.0231
0.0328
0.0872
-0.0777
0.0194
-0.0916
-0.0729
-0.0121
-0.1577
0.2285
-0.0122
0.1002
0.0142
0.0251
0.0126
0.0340
0.0777
-0.2253
-0.0849
-0.0599
0.1846
0.0466
-0.0220
-0.1466
0.2088
-0.0849
-0.1108
-0.0751
-0.0821
-0.0405
0.0738
-0.0623
0.2841
-0.0999
0.2082
-0.0724
0.0668
-0.1472
-0.0263
-0.0283
-0.0248
0.0721
0.0624
0.2605
0.1913
-0.0326
0.1229
-0.1644
-0.0200
-0.0287
0.0497
-0.1004
0.0677
0.0319
-0.0543
0.1179
0.1636
0.0720
-0.1320
-0.0305
0.2359
0.0411
0.2228
-0.0349
0.0680
-0.1602
0.1080
0.0395
-0.2130
0.0242
0.0229
-0.1417
-0.0975
-0.0821
0.0650
0.0351
0.0955
0.0693
-0.1079
-0.1563
-0.2044
0.0975
0.1489
-0.0825
-0.0648
0.0479
-0.1267
0.0752
0.0257
-0.1074
-0.0544
-0.0796
-0.2419
-0.0183
-0.1439
-0.0507
0.2011
0.0195
-0.2559
-0.1382
-0.1033
-0.0282
0.0454
0.1200
-0.1865
-0.1091
0.0874
-0.0015
-0.0064
0.0646
-0.0447
-0.0387
0.0802
0.1607
0.2204
-0.1055
0.1309
-0.0970
-0.0142
0.1052
0.0537
-0.1230
-0.0047
0.0668
-0.0268
0.0705
-0.1919
0.0869
-0.1735
-0.1290
-0.0179
-0.0434
-0.1338
-0.1437
-0.0531
-0.1487
-0.0394
-0.1377
0.0547
-0.1684
-0.0425
0.0876
0.0834
-0.0750
0.0730
-0.1522
0.0441
-0.1074
-0.0035
-0.1585
0.0328
0.1241
0.0924
0.0329
-0.0877
0.0040
0.0782
0.0433
0.0859
-0.0674
-0.0457
0.0333
-0.1739
-0.1010
0.0083
0.0009
0.0282
-0.0493
-0.0693
-0.0769
0.0592
-0.0033
-0.0768
0.0221
-0.0818
-0.0153
-0.0307
0.0161
0.1176
-0.0294
-0.0837
0.0877
-0.0911
-0.0278
0.2106
-0.1638
-0.0469
0.1395
0.1387
-0.0634
-0.0343
-0.1196
-0.1859
0.0927
0.1153
-0.0098
0.0184
0.1281
-0.0302
-0.0257
-0.0352
0.1004
0.0779
-0.0795
-0.0498
-0.0146
-0.0893
-0.0046
0.1556
0.0089
0.0260
-0.1769
-0.0121
0.1294
-0.0802
0.0697
0.1153
0.1096
-0.1077
0.1020
-0.0246
-0.0219
0.0906
0.0270
-0.0202
-0.0355
-0.1287
0.0185
0.0342
-0.0117
0.1551
-0.0007
0.1213
-0.1010
-0.0472
-0.0669
-0.0749
-0.0604
0.0720
-0.0222
-0.0341
0.1623
-0.1099
0.0372
-0.1670
-0.1029
-0.0005
0.1552
-0.0259
-0.1516
-0.2199
0.0446
-0.0800
0.1969
0.0023
0.0160
0.1026
-0.1668
0.1264
0.1163
-0.1085
-0.0931
0.0618
-0.2225
0.0529
-0.0590
-0.1253
0.0792
-0.0058
-0.0084
-0.0508
-0.0671
0.0049
-0.0445
-0.0783
0.0366
0.0974
0.0034
0.0099
-0.0090
0.0952
0.0025
0.0574
-0.1200
0.1672
0.0214
-0.0415
-0.0188
0.0226
-0.0908
0.0572
0.0581
0.1188
0.0010
-0.2178
0.2154
-0.0584
-0.0647
-0.2241
-0.2426
0.1715
0.0674
-0.1222
-0.0922
0.0127
0.0143
0.0492
-0.0852
-0.0855
-0.0419
-0.2632
0.0456
-0.0128
-0.0811
0.0207
-0.0400
0.0580
-0.0266
-0.0126
0.0226
0.0882
-0.0586
-0.0598
-0.0966
-0.0680
0.1082
-0.2525
0.0915
-0.0246
0.0750
-0.1521
0.1655
-0.0048
0.1149
-0.0677
-0.0398
0.1130
-0.0603
-0.1447
0.0742
0.0546
0.0332
-0.0444
0.1090
0.1123
-0.1139
-0.1095
-0.1166
0.1383
-0.0575
0.0187
0.1551
-0.0070
-0.2274
0.0975
-0.2004
0.0872
0.2078
-0.0471
-0.2022
-0.0824
0.0601
0.0910
-0.0947
-0.0821
-0.0387
-0.1044
-0.2663
0.1154
-0.0041
-0.0505
-0.0692
0.0728
-0.1687
0.0151
0.0367
-0.1179
-0.0582
-0.2007
0.0929
0.0651
0.2347
0.0567
0.0241
0.0095
0.0103
0.1263
-0.0554
-0.0270
0.0643
-0.0835
-0.0530
0.1161
0.0147
-0.1520
0.0340
0.0339
0.0434
-0.1039
0.0074
-0.1268
0.1431
0.0479
-0.0398
0.0115
-0.0833
0.0127
0.0814
-0.0354
0.1617
0.0655
-0.1588
0.0234
-0.0310
0.0019
-0.1683
0.1686
-0.1609
0.0875
-0.0130
-0.0983
0.0483
0.0736
-0.0061
-0.0762
0.0113
-0.0097
-0.0051
-0.0316
-0.0931
0.1177
-0.0258
0.1194
0.1012
-0.2203
0.0666
-0.0215
0.0282
0.1969
-0.0507
0.1472
-0.0440
0.1169
-0.0466
-0.0656
-0.0380
-0.0323
0.0202
0.0586
0.0704
-0.0575
0.0767
0.0213
-0.0502
0.1563
0.0645
-0.2143
0.0102
0.0329
-0.0778
0.0850
-0.0611
0.1582
-0.0377
0.1524
0.0083
0.0965
-0.1044
-0.0663
0.1078
0.0671
0.2588
0.1389
0.1243
-0.1317
0.0054
-0.0024
-0.0875
-0.1296
0.2299
-0.0387
-0.0928
0.0443
0.0940
0.1061
-0.0632
-0.0493
0.0334
0.0952
0.0689
-0.0231
0.2040
-0.0108
-0.0095
-0.1296
-0.1190
-0.0692
-0.1838
-0.0672
-0.0858
0.1681
0.0618
-0.0461
-0.1168
0.0742
-0.1050
0.0510
0.0398
-0.1260
0.1239
-0.0805
0.1220
0.1387
-0.0862
0.0415
0.1276
0.0092
0.1368
0.0439
-0.0743
-0.0488
-0.0028
-0.0323
-0.0481
-0.1597
0.2032
0.0218
-0.0732
0.0345
-0.0223
0.1704
-0.1190
0.0711
-0.0055
0.0347
-0.0344
-0.0177
0.0358
-0.1341
0.0465
0.0018
-0.0490
0.1164
-0.0635
0.0251
-0.0762
0.2602
-0.0566
0.0103
0.0048
0.1525
0.1048
-0.0412
-0.0179
0.0266
0.2326
0.1033
-0.0395
-0.1690
-0.1506
0.0934
-0.1667
0.0502
-0.0849
-0.0774
0.2073
0.2348
0.0874
0.1009
-0.1589
0.0547
-0.1566
-0.1418
-0.0845
0.0517
-0.0080
-0.0398
-0.0835
-0.0958
-0.1664
-0.1905
-0.1156
0.0631
0.0045
-0.0095
-0.0523
-0.1912
-0.0230
0.1127
-0.0530
0.0294
-0.0469
0.0514
0.0746
0.0377
-0.0367
-0.0413
0.1587
-0.0495
0.1351
0.0536
0.0608
0.0999
-0.0709
-0.0360
0.1562
-0.0022
-0.0511
0.0261
-0.1664
0.1048
-0.0505
0.1518
-0.1250
0.2236
0.0879
0.1157
-0.1842
-0.1348
0.0766
0.0970
0.0558
-0.1939
-0.1007
-0.0902
-0.0245
0.1597
0.1210
-0.0819
0.0015
-0.1935
0.0865
-0.1976
-0.0460
-0.0296
-0.0843
0.0462
0.0595
0.2048
0.0079
0.0027
-0.0062
0.0308
-0.0346
0.1728
0.1764
-0.0358
-0.0482
-0.1449
-0.1607
0.0809
-0.0229
0.0836
0.1066
0.0453
0.1095
-0.0251
-0.0990
0.1088
0.0165
-0.0746
0.1422
0.0534
-0.0388
-0.0802
0.1994
0.0159
-0.0845
0.0575
0.1469
-0.1085
-0.0060
-0.0518
0.0850
0.0696
0.1749
-0.1226
0.0411
-0.0820
-0.1369
0.0159
0.1571
-0.0362
0.0198
-0.0685
-0.1558
-0.0326
-0.0239
-0.1288
-0.1384
0.0638
0.1031
0.0217
-0.0269
0.0184
0.1775
-0.0503
0.0511
0.0970
-0.1551
-0.0582
-0.0208
0.0509
0.0053
0.0274
0.0867
0.0581
0.1190
0.0106
-0.0493
0.1026
-0.0179
-0.1538
-0.0412
0.0396
0.1202
-0.0554
-0.0196
-0.0965
-0.1147
-0.1126
0.0735
0.0467
-0.0712
-0.0073
-0.0429
0.0993
0.0691
0.0176
0.1417
-0.0137
-0.2066
0.0420
-0.1169
0.2219
-0.2140
0.1620
-0.0921
0.0429
0.0774
-0.1378
-0.0000
0.1727
0.1266
0.1204
0.0938
0.0669
-0.1156
0.0266
0.0971
0.0811
-0.0339
-0.0744
0.1062
-0.0632
-0.0899
0.0831
-0.1448
-0.0046
0.0213
-0.0255
-0.0586
0.0154
-0.0616
0.0935
0.0026
0.1518
0.0030
0.1643
-0.0216
-0.1772
0.0597
-0.0110
0.0836
-0.2301
0.0684
-0.0270
0.0506
0.0857
0.0047
0.0048
-0.1329
-0.1423
0.0022
0.1069
0.0084
0.1170
0.2158
0.0600
-0.0550
-0.0079
0.2758
-0.1625
-0.0074
-0.2206
-0.2085
-0.0686
-0.1491
0.0531
0.0022
0.1766
0.0990
-0.0707
-0.0437
-0.0364
0.0212
-0.1026
-0.1346
0.0758
-0.0859
-0.1147
0.0939
-0.0927
-0.1169
0.1236
0.0356
-0.0724
0.0166
0.0186
0.0934
0.0862
-0.1110
0.0778
-0.0101
-0.0821
-0.0588
-0.0486
-0.2201
-0.0223
0.0978
0.0423
-0.1120
0.0337
-0.0913
-0.0307
0.0791
0.1593
0.2073
-0.0115
-0.1214
0.0919
0.0135
0.0374
-0.0291
-0.0031
-0.0608
-0.0668
-0.1934
-0.1240
-0.1401
-0.0481
0.1379
0.0072
0.1373
0.0183
0.0679
-0.0726
-0.1519
-0.0899
-0.0089
-0.1113
0.1453
-0.0512
0.2330
0.0064
-0.0615
0.0084
-0.1246
0.0468
0.0110
-0.0532
-0.1541
0.0218
0.0120
0.0873
-0.0553
0.0233
-0.0437
-0.1497
0.0813
-0.1909
-0.1143
-0.0510
-0.0938
-0.2054
-0.0674
0.0880
-0.1117
0.0815
-0.1223
-0.0318
-0.0586
0.0427
-0.0791
0.1089
0.1131
0.1721
-0.0058
-0.0451
-0.1992
0.0432
-0.0714
0.0031
0.1883
-0.0037
0.0144
-0.1127
-0.0618
-0.1764
0.0936
0.1296
0.0406
0.0123
0.0937
-0.1090
0.0988
-0.0503
0.0317
-0.0670
0.0353
-0.0839
0.0437
0.0594
0.1059
-0.1959
-0.0372
-0.0048
-0.0267
-0.0086
-0.0956
0.0130
-0.1395
0.0755
-0.0389
0.0055
0.1052
-0.0256
0.0005
0.0217
-0.0386
-0.1866
0.0072
0.0833
0.1542
-0.1864
0.0524
0.0696
-0.0853
-0.0806
-0.0832
0.0422
0.1116
-0.1313
0.0729
-0.0699
-0.0557
-0.0218
-0.0728
0.0643
-0.1188
-0.0179
0.0800
-0.0647
-0.0763
-0.0939
-0.0118
-0.0250
0.1410
-0.0131
0.0342
0.1444
0.0308
-0.1993
-0.1627
-0.0050
-0.0128
-0.0336
0.1021
0.0091
-0.0932
0.2121
-0.1329
-0.1165
0.0298
0.0792
0.0615
0.0211
0.0362
0.1339
0.0786
0.0515
-0.0653
-0.0920
0.0069
0.0550
-0.1416
0.1054
0.0709
-0.0041
-0.0327
0.1194
-0.1035
0.0293
0.0186
0.0017
0.0736
-0.0785
0.0118
-0.0534
0.0349
-0.1162
0.0052
-0.0338
-0.0495
-0.1123
-0.0430
0.1200
-0.1022
0.0265
-0.0600
0.0170
0.0089
-0.0495
0.0497
0.0135
-0.0033
-0.0422
-0.0979
-0.1993
0.0879
-2.2836
2.2540
-1.0808
2.3835
1.0908
0.5974
-0.4833
-0.5706
-4.1663
-0.3696
3.9166
0.0105
1.2036
3.2651
-1.3126
0.1794
-3.4576
1.9886
2.4802
-1.5599
0.2810
-0.8746
-2.8185
2.7615
-1.5217
-1.7832
-2.4878
3.0411
-4.2103
1.7684
2.3170
-0.1611
2.1455
-1.3727
-2.3960
-1.1067
2.8962
2.9043
1.7706
1.0756
3.0356
-1.5871
-0.1845
0.1417
-2.6208
0.2365
2.0441
0.7293
1.3371
-0.8791
2.4242
2.7746
2.4296
-0.9061
3.0826
3.4141
2.2069
3.7636
-1.7820
-0.5782
-4.2237
-2.3445
0.8683
-1.1950
2.4294
-2.2139
0.8013
2.0411
3.3371
1.0993
-0.2724
-0.5984
0.5202
-1.1665
-0.8274
2.4574
-1.2421
1.8020
2.7266
1.1933
0.3203
-0.4420
0.7080
1.4048
1.0103
2.7912
0.0333
0.6308
2.0602
-0.5644
0.7590
0.4176
1.0965
-0.4568
4.0170
1.0441
2.0387
0.9606
0.2878
-1.8945
-0.8853
-2.7235
1.8596
0.4228
1.4220
-0.0187
1.1163
0.4737
1.3824
0.4739
-1.4395
0.9227
-0.5669
-1.3191
1.0592
3.3577
-0.1194
1.4109
2.0203
-1.1344
1.6886
-1.5376
-2.4625
4.5406
1.7339
-1.5543
1.0596
0.1503
2.2974
3.9106
1.5715
-1.9529
-0.7451
1.0435
-0.9617
0.4264
-0.7048
0.3582
-0.5617
1.5964
-3.5011
-0.3215
0.5279
-1.2387
3.7869
3.2403
0.3039
2.1827
-0.1118
-3.7301
2.7024
1.1662
-0.7237
2.6840
-0.2460
-0.4854
0.7393
-2.0905
-0.5390
0.9104
2.8808
0.1565
0.7483
-1.0383
1.1558
1.0524
0.4594
0.4151
0.1109
-3.0482
1.1224
-0.5363
4.4549
1.8776
2.6611
2.3338
1.8307
2.0885
-0.2958
1.0938
-0.5011
1.8651
1.8307
0.9250
0.0514
-2.4690
0.7942
1.8022
-0.8843
1.9027
-0.9689
-1.1959
0.4720
-1.2931
0.9932
0.1501
-0.8804
-0.1083
1.2946
-0.7393
0.0253
-0.2532
0.1907
-2.0317
-0.9453
-0.6605
-2.7259
0.3746
1.5277
2.6742
2.3447
3.4235
0.0114
1.2185
-2.0398
-1.0904
2.1175
2.3406
-0.1841
2.1472
0.2969
1.1426
-1.5267
4.9119
0.6197
2.0924
1.2692
-1.3120
-0.0668
0.5319
0.0034
-2.2704
4.5876
0.1203
-1.0828
1.0195
-1.4886
0.3059
-0.7395
3.1640
0.8573
0.6714
0.4110
1.3497
-2.9024
1.5201
0.2108
1.8927
1.0192
2.8363
-1.1706
1.7008
1.1872
-0.4615
2.7964
0.5004
0.3952
1.8731
0.4852
1.3580
-2.4134
-2.5015
0.7308
1.2926
0.5858
-3.4779
1.5998
1.8919
-1.1479
0.7206
1.6644
-0.7251
1.3405
0.0823
1.8325
0.7905
-0.3205
1.7928
2.9165
-0.9056
-1.1830
3.8366
1.1411
2.6073
0.4764
-1.3014
1.1708
2.6429
2.8334
-1.1683
0.4943
0.9759
-0.2466
1.6891
-2.9808
-0.3799
-2.3189
0.3829
1.8547
0.2147
-1.4278
0.4875
-0.8582
-1.1767
-0.0310
1.6081
-0.9202
2.2587
1.5824
0.1387
-1.0296
0.2872
-1.4202
2.9778
-0.7268
-1.5011
1.3987
0.2493
0.2443
2.1000
-1.8953
-0.8817
2.3994
-0.0579
0.7758
2.7683
-2.0492
-0.3397
1.5700
-0.2760
1.3182
0.7833
-0.7076
-3.1088
4.6737
-1.1877
-0.2568
0.6650
-0.5087
0.7673
2.9960
1.6470
2.2637
1.1309
-3.4086
3.5071
0.7835
-0.2872
-1.3753
-0.1246
2.3008
0.9856
0.8436
-0.0884
-2.7933
-3.9014
1.2526
3.0052
-0.9543
1.9311
-1.8069
2.1217
4.0153
1.1406
-3.3972
-1.0840
2.7279
0.9735
1.9132
-0.4506
0.3307
2.9551
-0.4767
-1.2530
0.3475
-0.6123
1.0414
2.9056
0.3781
2.2186
0.8459
0.6291
1.8695
-0.0224
-3.0748
0.6109
-0.9940
0.6629
2.0005
0.2740
0.1263
3.0039
-4.3951
-0.0230
2.8770
-0.8805
1.1147
0.8819
-0.5784
0.1010
-3.6209
2.1219
-0.5919
-3.1121
-0.8245
1.6233
-0.6160
-3.9013
1.6058
2.8288
1.9991
-2.4381
-0.4115
0.5229
0.7202
3.0299
1.5986
-0.8593
-0.3826
-1.1637
1.6969
2.1000
0.2867
-0.3243
-0.9437
0.9966
-3.4229
-0.8945
1.4634
0.8995
-1.3023
1.6713
-0.0381
2.1742
-1.1120
-0.1583
-0.1688
2.9231
-2.4415
3.6065
-0.5330
-1.0098
2.5510
-1.4123
-5.0986
-1.3116
0.6299
4.0179
1.6742
-0.7975
0.1639
1.4805
1.0387
-1.5615
-2.7029
0.8163
1.4530
-1.2651
2.6912
-0.4264
0.0429
-1.9156
-1.6219
-2.0185
0.2220
0.0645
4.4026
-0.0602
-0.8931
-4.1860
-2.3299
0.8195
1.3172
-1.3841
1.7420
-4.3010
4.5693
0.0683
1.4817
-1.5592
-0.3975
-5.1849
-0.1044
-1.6570
-0.5904
-1.2419
1.4474
0.4010
1.6822
-1.7240
1.8224
1.6945
0.5736
-0.1129
-1.8990
-1.5660
0.9349
-2.3989
-1.3875
0.7642
0.9933
1.6997
1.6555
-0.2585
0.2507
0.6612
-0.8326
2.9356
1.9744
-1.5831
-0.9289
-2.5589
1.5432
1.8243
-1.1138
2.6577
-2.8547
-1.3211
2.8067
-0.9023
0.1291
-3.8465
0.6233
-0.9966
2.2685
2.5143
1.3964
-0.7664
0.3545
1.4306
1.3548
-0.3941
-0.3282
1.9239
4.5793
2.0519
-1.2637
-0.1630
2.1211
0.3868
-0.2218
-0.6215
3.3196
1.8728
0.0532
-0.4317
3.2320
0.6405
-3.8724
0.6453
0.3019
-1.0073
-0.8791
-0.3990
0.8225
1.0432
2.6213
-0.2211
-0.1511
1.7993
0.9349
0.9842
0.4013
1.9072
1.0376
1.0346
-3.6022
0.9673
2.1731
-0.2353
-0.1851
-3.4710
0.3488
-0.3042
-3.7747
-3.3288
1.1872
-0.2591
0.8654
-0.3177
-0.8455
-0.4902
0.1201
-0.2320
0.0093
2.3685
-0.1175
-0.2094
1.3604
0.0508
-1.8812
1.3343
-0.2842
2.5059
-0.6292
5.1384
1.6325
-0.3413
-1.5876
2.0905
-1.4778
0.2568
0.0475
-0.5283
1.9174
0.8869
1.0146
-2.2467
1.9892
1.1403
1.4144
0.7332
-0.6744
-2.2809
2.2782
-0.2275
3.8662
-0.5891
0.8480
1.9314
0.3093
0.3633
0.8811
2.2061
0.1195
1.5534
-2.5690
-2.0877
1.4631
-1.3772
1.5003
-0.1896
-0.3684
0.4604
-0.4677
1.0930
0.4126
-2.7021
-1.1288
1.1038
0.1114
-0.6648
1.5119
-2.0046
1.0945
0.2648
-1.9616
1.0298
1.6321
-1.7528
0.7118
2.2922
0.0128
1.8875
0.4556
-2.1107
-1.1216
-0.1970
4.6539
0.8674
2.4936
-0.6942
-2.2014
0.4848
0.0847
0.5330
0.7803
0.4642
2.5139
0.4125
3.5111
-1.1179
-0.7219
-0.2784
2.1387
-1.3011
-2.6111
-1.2986
-0.1569
-1.9184
-0.4718
0.4150
2.4054
-1.3954
1.3854
-0.9961
-1.1696
-2.5157
1.9749
-0.1960
-1.2976
-1.5042
2.0728
0.8349
-0.6469
-0.8632
0.1718
-0.8304
1.0697
1.8104
-0.8239
0.5225
-1.4902
-1.4350
1.8018
-2.1477
2.9322
-0.1979
0.6984
1.2958
-1.1535
-0.9587
0.9523
-0.4635
2.6491
-1.0389
1.4488
1.9747
0.5053
-1.7583
0.5512
3.1796
-3.1463
0.9250
0.2846
-1.6085
3.7975
3.2623
-0.5101
0.2798
-1.2998
-2.8632
4.1031
3.4563
1.0310
-0.3281
-0.3682
-0.8589
0.0939
-1.1358
0.8481
-0.3420
-2.4607
-0.5383
-1.4596
0.9306
3.9820
-2.8440
-1.3928
0.4525
1.3787
0.2603
-0.1554
0.1100
0.4012
2.0466
-0.4679
-2.3103
0.8462
-2.8135
3.6395
-1.2255
-3.1722
-1.0718
0.4801
-2.7498
3.1458
-1.9633
0.9646
-2.1231
-0.3376
-5.6103
-0.4779
-3.8003
-0.8670
0.0390
0.9284
-1.9555
-0.8503
-0.8832
3.2443
1.5213
1.8184
-1.8027
1.5266
0.3403
1.3190
-3.6442
0.3409
2.0735
-0.4228
2.7109
-2.8191
1.8368
2.6431
2.1201
0.2098
-0.1146
-0.7939
-0.7309
2.0005
0.0622
-0.0759
1.3583
1.2239
-0.4706
-0.2000
3.7797
1.5935
1.4484
-0.0805
1.0103
-0.8729
-0.2931
-1.5305
-0.7910
-1.1095
0.7649
-1.9185
3.4846
0.4009
2.4637
-0.8280
2.4225
0.4357
0.6466
-2.4496
1.5281
1.2034
-1.2334
-0.7453
-2.3702
0.7018
-0.6848
-0.1047
-0.2274
-3.0206
-2.1912
-1.7316
0.4571
1.0464
1.8609
2.4134
2.3667
-1.6705
1.0159
0.3956
-2.9492
1.7027
-1.1105
-1.2555
2.7040
-1.1078
0.1505
-2.6758
3.5635
-0.9170
-2.3939
-1.2346
-1.7672
0.9454
-0.6928
-0.8804
-0.0771
0.7867
0.9349
0.3680
0.9326
1.4312
0.2971
1.7200
0.8482
-0.1989
0.0797
-0.3911
0.0137
0.2577
1.7065
-0.4915
-1.6260
0.0835
2.1962
-2.7432
1.2608
1.1923
0.2191
-0.5779
-3.1808
-0.0531
1.1833
-1.0450
0.2818
1.1960
1.8648
-0.1392
-0.3438
-0.7645
-0.4711
-1.8429
-1.2810
0.6211
0.4503
-1.0415
-1.7346
1.0383
1.1162
-2.5655
-1.4223
-0.1498
1.2335
0.5993
1.8215
0.2879
1.0401
-0.5989
-1.7153
2.6086
1.5474
0.4877
-0.7986
-0.4151
-0.7375
0.2230
-0.4245
0.6941
-0.4118
-0.1506
-0.5993
0.7117
-0.5689
-1.8286
-0.9519
-1.7896
-0.7008
-0.7718
-0.0357
-0.1594
-0.6420
0.5077
-0.4675
-0.8161
-1.2698
-0.3545
-0.7823
0.6802
-2.0863
-0.2061
0.4012
0.5210
0.5398
-0.5142
1.1031
0.6169
0.3089
-0.5812
-0.4344
-0.5112
-0.5878
-0.7026
-0.7415
-0.4951
1.3021
-0.5683
-0.8667
1.8398
-0.0487
-0.7218
-1.4876
-3.1333
0.7206
-2.3926
-0.1753
-2.3928
0.5610
-0.6886
-0.7183
0.7694
-0.5191
-1.4454
0.8264
2.3357
0.7462
0.2585
-1.0834
-0.9915
-0.0826
-1.3098
-1.7871
-2.2549
-0.5090
-0.1900
0.7010
-0.0629
0.8016
-0.4374
-0.5587
-1.5277
0.1689
2.5503
-0.5299
-0.7865
-0.9412
-0.7144
-0.5104
0.0859
0.1591
-0.7370
2.0089
-0.0753
-0.8639
-2.7257
-1.5561
-0.8262
-0.8742
-1.0023
0.0554
-0.6225
-0.3394
-1.0167
-0.9904
-0.7629
1.7829
-0.4294
-1.0744
-1.0068
-0.1750
-0.8569
-0.6135
0.9736
1.3137
0.4308
0.4247
-0.0503
0.2531
-0.4915
-0.8612
-0.8082
-0.6809
-1.2645
-0.4907
2.0213
0.6609
-1.0701
-0.7186
0.5362
0.4485
-1.1363
1.0808
-3.3266
0.9893
-0.3063
0.3859
-0.3780
-0.9463
0.8667
-1.2342
-1.7167
-0.6945
-0.4791
-0.3232
1.3900
-0.0499
1.3208
0.2293
0.9043
0.8782
-0.9554
-2.0778
1.3794
0.2227
-1.2075
0.0835
-0.0724
0.5144
-1.5578
0.2458
-1.0969
-1.4166
-1.7196
-0.3205
-0.4676
-0.6369
-0.4273
-0.5159
-0.6571
-0.6957
-0.6366
-0.6051
-3.5467
-0.3960
-1.5502
0.2323
-1.2700
-0.5900
-0.5731
-0.4819
-0.8838
-0.5446
-0.7050
-0.9460
-0.4723
-0.0535
-0.5462
-0.6995
-0.4851
-0.8168
-0.6511
-0.7989
-0.9815
-0.2954
-0.6633
-0.6824
-0.2382
-0.8539
-0.5167
-0.7658
-0.9051
-0.7656
-0.5742
-0.5657
-0.5601
-0.7602
-0.5150
-0.4030
-0.5868
-0.5183
-0.5251
-0.5516
-3.5578
-0.6256
-1.3847
-0.6271
-1.3044
-0.5377
-0.4832
-0.4429
-0.7371
-0.6781
-0.7148
-1.0913
-0.5580
-0.8622
-0.6311
-0.6821
-0.8333
-1.0919
-0.5773
-0.8549
-1.0632
-0.5783
-0.4874
-0.7607
-0.4449
-1.5729
-0.4135
-0.8358
-0.6244
-0.7276
-0.6301
-0.6336
-0.6139
-0.5246
-0.3357
-0.7046
-0.4558
-0.5025
-0.5181
-0.4059
-3.5394
-0.6480
-1.4483
-0.7893
-1.3258
-0.5758
-0.5881
-0.4372
-0.8938
-0.5834
-0.7007
-0.9840
-0.5504
-0.6364
-0.5539
-0.6169
-0.4820
-0.9792
-0.4230
-0.7773
-1.3464
-0.6191
-0.8669
-0.6767
-0.4751
-1.7957
-0.4574
-0.7383
-0.9706
-0.8514
-0.5643
-0.6337
-0.5570
-0.6742
-0.5971
-0.4819
-0.6886
-0.5931
-0.7985
-0.7422
-3.9827
-0.7615
-1.3073
-0.5566
-1.2289
-0.5069
-0.3992
-0.4848
-0.7207
-0.7751
-0.7280
-0.9735
-0.4738
-0.7728
-0.6068
-0.6111
-0.6875
-1.1455
-0.6841
-0.7414
-1.0481
-0.5215
-0.7123
-0.8736
-0.4432
-1.8752
-0.5576
-0.6753
-0.7899
-0.6409
-0.6317
-0.4495
-0.6743
-0.6830
-0.4192
-0.5522
-0.4566
-0.8840
-0.6066
-0.5918
-3.9853
-0.5856
-1.3528
-0.5108
-1.3164
-0.5361
-0.4848
-0.4895
-0.8869
-0.6619
-0.6998
-1.1805
-0.5812
-0.7391
-0.5381
-0.5383
-0.7698
-1.1729
-0.4369
-0.7835
-1.2211
-0.4434
-0.7104
-0.9669
-0.6054
-1.7071
-0.3635
-0.4771
-0.7194
-0.7119
-0.7744
-0.5083
-0.3285
-0.7171
-0.5594
-0.4663
-0.5217
-0.7907
-0.6194
-0.6796
-3.9665
-0.6176
-1.2853
-0.6721
-1.2416
-0.8012
-0.3519
-0.5711
-0.8630
-0.6026
-0.7650
-1.0088
-0.5521
-0.7290
-0.7972
-0.7398
-0.6275
-1.1028
-0.6053
-0.8481
-1.3845
-0.7365
-0.5947
-0.7700
-0.5106
-1.8547
-0.5341
-0.6018
-0.5520
-0.7620
-0.5218

Direct connections:
