version: 10
file format: 0

training data file: ../en_s1.txt
validation data file: ../en_test1.txt

last probability of validation data: -20946.016172
number of finished iterations: 14
current position in training data: 0
current probability of training data: -20898.811979
save after processing # words: 0
# of training words: 50664
input layer size: 71
hidden layer size: 40
compression layer size: 0
output layer size: 32
direct connections: 0
direct order: 3
bptt: 4
bptt block: 10
vocabulary size: 31
class size: 1
old classes: 0
independent sentences mode: 0
starting learning rate: 0.100000
current learning rate: 0.003125
learning rate decrease: 1


Vocabulary:
     0	         0	</s>	0
     1	      7992	â–	0
     2	      5511	e	0
     3	      3192	t	0
     4	      3119	a	0
     5	      3118	i	0
     6	      2841	n	0
     7	      2791	o	0
     8	      2770	s	0
     9	      2566	l	0
    10	      2539	r	0
    11	      2206	d	0
    12	      1581	h	0
    13	      1504	g	0
    14	      1464	u	0
    15	      1389	c	0
    16	      1016	m	0
    17	       868	p	0
    18	       853	w	0
    19	       829	y	0
    20	       725	k	0
    21	       581	b	0
    22	       518	f	0
    23	       366	v	0
    24	       124	q	0
    25	        87	x	0
    26	        63	j	0
    27	        47	z	0
    28	         2	_	0
    29	         1	0	0
    30	         1	3	0

Hidden layer activation:
0.0001
0.0008
0.0001
0.0001
0.9353
0.0562
0.0008
0.0000
0.0363
0.0753
0.8932
0.0001
0.0007
0.0004
0.8611
0.0017
0.0000
0.0008
0.0015
0.2911
0.0000
0.0202
0.0171
0.0000
0.0020
0.0346
0.0000
0.0864
0.0001
0.9873
0.0041
0.0032
0.0001
0.8831
0.0005
0.0001
0.0702
0.8327
0.3053
0.8106

Weights 0->1:
0.0788
-2.0030
-0.5040
1.3687
-3.2344
-0.3055
0.3205
-0.7651
-0.4624
2.8864
0.1961
-1.2304
-1.8333
-1.2978
3.8493
-1.0382
0.9045
-0.3217
0.4996
-0.7295
-0.4544
3.1614
-0.6645
0.2454
-0.1767
-1.8532
0.4225
-0.5668
-0.0591
0.0792
0.1482
-0.1991
2.7982
-2.9523
-2.6101
-1.7182
-1.3929
-0.5874
-1.6297
2.2407
-3.6863
-0.4458
-1.6574
0.2454
2.1702
-3.5086
-0.7954
-2.4791
-0.5882
3.5103
0.7296
-3.0747
-1.6424
0.2386
-2.0915
-0.9453
0.6451
-2.5515
-3.1223
-0.1430
-2.6656
-1.6912
-1.7585
-2.1579
-1.6119
0.7383
1.3526
-2.4434
-2.9150
-2.9464
-0.2790
-0.0714
-6.3300
-1.5812
-1.3267
1.9871
-3.6862
-1.0727
-3.9263
0.0493
5.1986
2.1827
-3.6813
1.8952
0.3661
-1.8134
-4.0171
2.1132
-2.7459
0.2149
0.0879
4.0323
2.4025
-2.7699
4.1760
-1.5867
2.6189
-1.3748
-0.1733
0.2520
0.1517
0.1308
0.6069
0.9740
-1.1103
-2.0569
-0.1278
-3.0029
-0.7813
-1.0045
-5.4508
-2.5661
-1.1068
-2.8230
-3.4796
2.4223
-1.0620
-1.3876
-0.0878
-2.0495
0.3741
-0.3226
2.0133
-2.6749
0.9792
1.7288
-0.0220
-0.6523
0.1241
0.0452
0.5957
-0.8402
0.5614
2.6968
0.9783
-4.7000
-1.5705
-1.6205
0.3442
-1.6268
-3.1171
0.2258
0.1319
-2.0659
-3.0950
-2.8128
-0.9507
-1.5849
-1.9717
2.2526
-1.7356
1.8942
1.2407
2.3839
-1.9325
0.7653
1.0478
-0.5977
-0.2994
-2.6831
0.1636
0.3074
0.2543
2.2621
-2.2338
-0.8382
-0.4670
-0.7945
0.4069
0.5139
0.1006
0.1015
0.2231
-2.0761
-3.9063
-2.6802
0.0829
-1.1282
-0.4599
-1.4384
-3.8023
1.0271
-3.0598
-0.5584
0.0709
-0.9623
-0.5969
0.6227
1.5447
0.3229
3.8990
-1.8801
-0.3252
-0.1094
0.0858
-2.0988
-2.6488
-0.1202
-1.9083
2.8615
-4.4139
2.0954
-3.6392
-0.6283
-0.5723
0.2622
1.0501
0.9436
-4.2506
-1.7760
0.0766
-1.0010
0.7538
0.2781
-4.2329
2.3529
-3.7749
9.1865
3.7184
-5.2130
2.0286
-3.9708
-4.8700
-1.6101
-3.2167
-2.7901
-2.0449
6.4857
-1.3152
-4.2764
-2.8766
-3.1685
-2.5326
-1.5143
-2.0976
-3.4627
-1.8516
-2.5120
-1.1926
-2.6874
-1.6369
0.4491
-0.0374
-0.2895
-0.3340
-1.2764
1.2162
-0.1494
-2.5013
-2.9304
1.5828
-1.4456
-1.0480
0.3300
0.2586
-1.1655
1.7516
-1.4196
-3.3041
0.4518
-1.8719
-0.9895
-3.8871
1.1865
0.5304
2.8087
-2.2715
2.3215
1.5022
-2.0996
0.6990
-1.6315
1.4273
-4.3041
2.2678
-1.3149
-1.9372
0.6673
-3.1462
-0.9441
0.9267
-0.4710
0.6466
-1.2664
0.5700
-7.2632
5.2562
-3.6765
-2.5395
-3.0484
-2.2465
-0.9350
1.4027
0.5555
0.4029
-0.0260
2.7346
0.9872
-1.2509
-0.3008
-1.0766
-0.9906
-0.6397
4.2203
-2.3803
-3.3310
-2.5936
-3.0601
-1.2708
0.9659
-0.5495
-2.0739
0.0947
-0.0337
0.0240
-2.0148
0.0353
1.3798
-1.0125
0.1452
-1.4749
-4.3552
-4.9110
-1.3753
-1.8374
0.1205
0.1227
2.8937
-2.4320
1.5193
-0.5265
1.5479
-0.0437
-4.6723
0.5317
-3.9867
-0.9156
2.0446
-2.5354
0.3758
-0.4348
0.0728
-0.5126
0.6642
0.7880
-0.0633
-3.3005
-0.6145
-0.6294
-1.7784
1.1953
-1.0578
2.2040
0.2503
2.0806
-0.6026
-4.4303
1.0802
-4.2410
-3.7792
3.1578
-2.4626
-3.8766
-2.8737
2.6127
1.5192
-0.3512
3.3074
-3.3236
-0.3303
-1.5762
5.8628
-2.5547
-1.7807
0.5202
-0.8207
2.0104
1.0379
-1.3078
-2.2584
-1.1522
-1.5521
1.1435
-0.0949
-0.3664
-0.5219
-0.6528
0.5329
3.8499
-5.2259
-2.2625
-1.4553
-2.7000
-0.0751
-0.4605
-0.7025
-2.9794
-1.2182
1.8988
-1.8461
-0.2540
-2.2970
-1.5206
1.0227
-0.5658
1.6343
-1.6088
3.2310
-1.8555
-0.5240
-0.9341
-4.1953
-2.7268
-0.7186
1.2972
0.9441
0.4413
2.0550
-1.8440
-1.0547
-1.8586
-0.5207
-0.2347
0.9227
-1.0695
-2.3443
-0.6006
-2.9875
-3.0528
2.5161
-6.0355
-5.9701
2.1157
-3.7642
-2.8411
1.1572
2.2906
-1.9039
1.9778
-3.6947
-1.9216
-0.1409
-2.0882
2.1929
3.6645
0.0436
-3.2010
-0.9354
1.8283
2.3796
-2.7707
0.4153
1.8550
0.9514
-0.4536
-0.9477
-0.7301
-2.9629
-0.6054
0.2684
-1.3476
-0.9785
1.6354
-0.7253
-0.0567
0.9969
0.0361
-3.4579
-0.8268
-3.1179
-2.4542
0.3171
2.7613
-3.9504
-3.7663
1.2187
-0.6991
-0.0079
-0.0160
-1.3033
0.2306
1.2292
-0.5710
0.5502
-1.2120
2.0188
-0.5891
-2.7461
-0.5105
2.1230
-3.3337
-0.1646
-3.4470
-0.0443
0.9159
-0.7780
0.9867
-0.7383
10.2009
-6.1717
-2.4281
-3.7391
-0.6794
-1.6433
-2.9080
-2.9972
-2.4450
1.7835
-1.0414
-4.8515
-1.0425
0.3372
-2.3513
-2.2354
-0.8265
-2.4546
-2.9627
-1.4706
1.8260
-3.6606
-1.5575
2.2511
1.7261
0.2383
-0.3281
0.4859
-1.3079
-1.4690
-0.9831
-3.2945
-2.3022
-1.2848
-0.3157
-1.5080
1.5285
-0.6937
-0.4532
1.3084
0.5961
0.3674
-0.7916
-1.7348
0.5883
0.2529
-1.9036
-0.6012
1.2252
-2.6073
2.8753
0.2794
0.3434
-0.3744
0.2124
0.5005
-0.6412
-1.9611
1.8209
-0.9524
-2.2476
-1.0622
2.1337
-2.0797
-0.4994
0.9616
-1.0404
-3.5296
-2.0341
-0.7062
0.0963
-5.9729
-3.9891
-0.4593
-4.9885
-4.2566
-2.0713
-5.2691
-5.5001
-0.1212
-3.5964
0.3559
-0.5707
4.6853
-2.9163
4.6835
-1.4177
2.4649
0.2655
-2.8829
-2.9742
2.1705
3.2801
6.2823
-2.0765
0.8467
-0.5234
2.3835
-0.0622
-0.3227
-0.2609
2.6276
-1.7985
-1.5308
-5.2865
-1.0592
-1.9004
0.1804
0.4062
-1.9211
-1.5630
-0.0331
-0.2456
-1.4112
1.1056
0.5501
-1.5703
0.2720
1.9475
-1.0116
0.0668
0.3403
1.1875
1.2933
1.4854
-2.5236
-0.0685
-0.5648
-0.3071
-1.7686
-0.2444
2.7819
1.4083
2.1926
-5.3637
1.4128
-0.6830
-1.7937
-2.5189
0.4985
-3.6619
-0.7510
9.4790
-0.8195
-3.2312
2.0901
-1.6901
-2.7496
-0.0777
0.0751
-2.4884
-1.1261
-1.3815
-1.5716
-3.1316
-0.8482
-0.5535
-3.2001
-1.4199
-1.1528
-2.8747
-2.2371
-2.0686
-0.8023
-2.4117
-2.8233
-0.0797
-0.5125
-0.9917
-0.1410
-0.0479
-0.3032
0.1466
-0.1025
-0.3640
0.9529
0.5581
-0.1612
0.0295
-0.2250
-1.1550
0.3621
-0.0918
0.7400
-0.0653
-0.3366
-1.0498
0.1439
-1.2591
-1.8548
-1.4465
-1.6679
-1.0274
0.2779
-1.7643
-0.9224
-1.7932
-0.5093
0.5504
-1.1559
-1.4048
-0.6898
0.0908
0.0302
-1.5946
-0.2555
-1.4154
-2.7491
-1.2135
-1.7035
1.6831
-0.2712
-0.0440
-2.8762
1.0522
-1.7898
-1.7505
-1.0446
-4.1136
-3.8183
0.4321
1.0144
-4.4414
-3.6986
0.0241
-1.6763
1.1289
-2.2261
2.0358
1.1984
-2.0577
2.2752
1.2103
-0.0268
-1.5331
1.4166
-1.8534
1.7694
0.5922
1.9235
-0.2937
-0.0358
0.1783
1.1173
-1.1204
0.6199
2.1262
-1.3017
2.2181
1.7623
-2.0156
0.3091
-2.2364
-0.6385
-0.7476
-1.7766
0.9865
2.8797
-0.6390
-0.2826
-0.8384
0.5751
-1.7705
-0.5160
-1.8651
-5.1457
-2.8059
-4.0850
-3.9158
1.0743
-3.6167
-0.7925
-1.2812
-1.4623
0.9719
2.3951
0.0096
-0.8159
0.1482
-2.7690
0.6657
-2.1787
-1.3139
-0.2723
-4.9982
-4.2063
1.9466
1.3643
-2.0230
-1.8184
0.1282
-1.7054
-4.2400
-1.0535
-4.3300
-2.1842
3.8841
-3.2955
7.3719
1.2406
-2.8616
-2.7646
-2.0419
0.6100
-4.3574
2.2137
-0.1426
0.0813
-1.0031
0.7225
-0.6572
-0.2762
-0.0263
0.2296
0.5746
-0.8462
-0.7273
2.5384
-2.4028
-0.3097
-2.9142
-3.7609
0.2501
-6.1106
-1.1439
-0.3596
1.4296
-0.3896
-0.0091
-3.2851
-0.3768
1.5791
-5.5821
-2.8529
-1.6316
1.3310
-0.4235
-2.9751
2.0325
0.4101
-1.4149
1.0145
-0.5927
-1.3342
-0.1135
-0.2666
-0.0973
1.5996
-0.1119
-2.9456
-1.0550
2.2951
0.4764
-1.9746
-0.0573
-5.1169
-2.6286
-2.2930
-1.7423
1.8942
0.5069
6.4047
-1.4784
-3.1587
0.7205
0.8441
-3.7641
-1.5873
0.4017
2.6215
1.8089
-0.6510
-1.6454
-2.6921
-2.0226
1.2588
-1.1297
0.5898
-0.9935
-0.1409
1.0998
0.2102
-0.2384
-0.1067
0.1425
-1.5936
2.7185
-2.2573
-3.3671
0.2643
0.8106
-2.1095
-3.7645
-2.1873
-0.1725
-0.0538
1.7651
-2.6606
0.2810
-0.2927
-1.6117
-0.4331
0.1047
-1.9236
-0.8989
0.8396
1.3026
1.5461
1.2425
-1.9116
0.3925
-5.0953
-0.5799
-0.1859
-3.5724
-4.2739
0.0287
-1.2933
-0.2946
-2.4628
0.3864
-0.3853
-1.5465
1.3218
-1.0573
0.1684
-4.0218
-6.4539
-2.9817
2.8817
-5.0695
-3.9901
0.1848
-0.7255
-3.4127
-1.6006
2.3672
-3.2194
-1.7180
-3.3118
-2.5051
1.3767
-1.1083
-2.1201
-0.1067
-1.6037
-0.2027
0.6880
-0.2070
3.4313
0.6098
-1.8131
-0.4543
1.0283
0.0954
0.0187
1.6815
0.4361
1.5733
0.7544
0.4903
0.7279
0.9475
1.0836
-0.2739
-3.3387
-0.6307
0.2476
-1.4870
-0.0233
-0.5080
-1.5541
2.8536
-0.5320
0.0184
0.2787
3.2669
2.2410
-1.6113
-1.8651
-0.6536
-2.7986
1.0353
-2.8956
0.1715
-3.4877
0.2916
-2.3368
-0.5012
0.2212
-1.0594
2.3052
-2.2002
-0.5438
-0.1451
1.5848
0.8610
-7.2394
4.2864
2.0810
-4.4238
-4.2127
-5.1739
-1.1041
0.1121
-2.1048
0.5168
2.6094
-2.6222
2.1347
-2.9876
-1.4033
1.8784
-1.7728
4.3626
-0.7136
0.6259
-0.0688
-4.3203
-0.7591
-1.0258
-0.3246
-1.2580
0.2271
-0.0215
-0.0846
0.2225
-2.3677
-0.8262
-0.2050
-0.2569
-0.6544
-3.2523
0.4848
-3.6528
1.9133
-0.9082
-1.1660
-0.7650
-2.2378
-0.7791
0.8615
-3.1346
-0.3720
-0.1655
-1.2722
-1.2294
-0.6310
2.2371
-0.6482
0.6008
-0.8348
-0.1933
-3.8025
1.6809
-0.9760
0.5108
2.2854
0.5414
0.5047
-4.2354
-2.3056
0.5203
1.8335
-2.2265
2.6127
1.2811
-0.1317
-3.1744
2.0669
-3.5480
-1.2357
-3.0378
-1.2724
0.5269
4.9510
0.6408
-0.7545
-3.8784
-2.6911
0.5104
-5.6174
5.2984
1.2062
1.2443
-1.4641
-0.6053
-0.2617
-0.4563
-0.0897
-1.1701
-0.1084
1.0549
-0.4876
0.7272
-0.2345
0.1384
-0.1550
-1.1882
0.1439
1.6456
0.9035
-3.0893
0.9159
2.1456
-3.9600
-2.0224
-0.3219
0.5756
-0.7004
-0.6271
-3.0714
-2.9860
-0.9831
2.3782
1.1414
-1.7590
-0.0046
0.2139
-1.2312
-1.8903
-0.4494
-3.0701
-1.5104
0.2079
-4.6296
0.1493
-1.1211
-1.9782
-1.9426
-1.2684
1.6979
1.5360
-0.6790
3.0085
-1.2268
-1.3499
-0.0213
-0.0955
-1.5919
-3.6032
1.1810
-3.4793
1.4434
-0.8562
2.3916
4.3887
-1.5055
1.1994
-0.6392
-1.5426
-1.9626
-2.3395
-1.5383
-1.7521
0.3431
-2.5030
-3.5782
1.3648
-1.6947
-3.3636
3.7137
5.3783
-1.0960
1.7346
-1.2045
-0.2450
-0.1711
-0.0756
0.2365
1.3097
0.0428
2.0618
-0.4364
0.2504
-0.4926
0.2954
-0.6544
-2.3138
0.7358
-0.1834
-0.0875
0.2374
-3.4041
-0.0398
-1.0148
1.5484
-2.5709
-2.8931
-0.5436
-0.9702
1.6056
-4.8788
-0.5501
-0.8150
-2.3562
-4.4657
-2.6029
0.3576
-0.1754
-0.8962
-4.1737
0.9204
-1.2921
-0.3079
-1.4687
-2.9069
-2.0000
0.2281
-0.0194
-3.4566
0.4797
0.6897
2.3589
4.1552
-4.1506
-1.8949
-0.6508
1.0006
-1.7796
0.4056
-1.2528
0.8571
-3.3404
5.4844
-1.2597
-1.1555
0.5418
-0.7858
-1.9816
-0.9399
-0.4338
-0.6861
-0.6170
-0.9110
-1.3283
1.8021
-0.1733
-0.1473
0.2670
-1.1110
-1.1911
-0.4964
-0.0713
0.2492
-0.9757
-1.4799
-1.9283
-0.8535
-2.6968
0.1634
2.2145
0.0062
-1.0506
-1.4011
-0.5979
0.1127
-1.7659
-3.5255
-2.9606
-2.5730
-1.2253
2.0461
-0.7328
1.3632
-0.3305
0.6328
-5.4413
-0.9813
0.6937
-3.5984
0.3518
-4.1533
-3.1115
1.3344
1.1393
-0.4669
0.3187
-4.5569
-2.7498
-0.3106
-1.8466
2.6774
-4.9208
-5.3162
-0.6472
2.6716
-6.1598
-1.4202
2.9458
0.0065
4.7990
-1.7661
-0.3582
-3.9272
-3.6845
1.7005
0.1469
-1.6836
0.6757
-2.3575
-2.9628
-1.4702
-0.1673
1.0481
-1.9832
-0.7465
1.7801
-0.5768
-0.8035
-0.9122
1.3654
-2.2316
-2.1554
-4.0975
-4.1212
-1.7100
-0.2183
-0.8836
2.3999
0.9216
-4.9931
-1.1587
1.1294
-0.6708
-4.7939
2.1546
-3.2711
-0.8701
0.0034
0.4473
0.0517
-0.4464
0.2694
2.2787
-2.3477
-2.2139
0.9339
-2.6140
-1.5465
-2.2574
0.9471
1.0012
0.0523
-0.2461
3.8829
0.8378
-2.4303
-1.2216
-0.0501
-0.4692
0.2148
-6.2635
3.4058
-2.1524
1.5281
-3.6067
1.3637
0.0617
-4.0232
0.6922
-3.5152
-3.2040
-0.7074
0.9605
-3.7152
0.9052
-2.6871
2.7458
1.4298
-2.2222
-1.1660
-1.3694
4.3054
-2.9699
-0.5183
2.2806
-0.5508
0.1582
0.1564
-0.0043
-0.0342
-0.9786
-1.5250
-1.1305
0.4131
-1.3166
0.4589
-0.5313
-2.9275
1.1870
-2.8523
0.2603
-1.3977
-2.8977
0.9415
-0.5592
1.0357
-0.9508
-1.0355
0.0038
0.9996
-0.3830
3.3641
-1.0300
-2.5665
-0.6434
-1.9698
1.2122
1.3472
0.8269
-1.5693
-2.5139
-3.6778
-0.2202
0.2417
0.2154
-2.9237
-0.7017
0.6319
-0.6073
-1.1438
-0.2349
-2.8452
-2.4226
-0.9733
2.2610
1.7372
-2.6736
-3.0524
0.2717
-1.6567
-3.1337
-0.3369
-3.1191
-1.8794
0.8383
-2.6761
-3.0255
3.9484
2.0002
-2.0794
3.8701
-3.2149
1.3080
0.5170
2.9141
0.0921
0.8083
0.6587
-0.0162
0.0491
0.0013
0.6525
-1.3585
-1.3402
-2.0974
-1.3434
-3.3638
-0.1004
-1.3846
-0.7235
0.4773
-0.8800
1.3790
-0.7259
-0.4721
-2.5773
-2.1245
-3.1749
-1.0788
-1.3782
-0.1056
-2.2389
3.0586
-1.6329
0.3326
-0.6180
1.1605
0.0557
-2.5163
-1.4629
-1.9759
-2.3795
-2.9098
-0.6143
-1.7780
-0.1526
-1.0527
-0.6931
3.1977
-1.7696
-0.5213
0.2198
-3.8710
-0.3277
-2.1106
-1.5142
0.4103
0.9902
-0.8445
-1.9219
-2.8774
-1.2769
3.3337
1.5839
2.5846
4.6003
-1.8477
0.0173
-1.7274
1.7872
1.6247
1.4416
-0.9166
0.1595
-0.5927
-0.5200
-0.9118
-0.2573
-0.7306
0.1122
0.1580
-0.0157
-1.9333
-2.2416
1.9193
-0.5671
-1.4378
-0.3829
0.7491
-3.0607
1.3156
-2.6241
1.6897
-0.6938
-0.4993
-2.2655
-0.5619
1.5291
-1.9840
1.1860
-0.7778
-0.9126
-2.4861
-0.5040
1.3459
-1.7167
-0.4392
-4.0403
-1.6074
0.3909
-1.3097
1.0725
-1.5231
-1.4539
-3.6577
2.1300
-1.7576
-1.8984
-2.7934
-4.6372
1.1442
3.1856
0.0016
-4.9919
1.1763
6.1197
-0.4731
-1.8233
-6.2140
1.2281
-2.4844
1.9778
-1.3490
-2.7467
-0.2464
-0.5284
-1.6392
-2.8972
-1.0956
-0.8906
-0.8638
-1.2067
-0.3138
-1.7341
2.0878
-1.4173
0.7782
0.3549
-2.1960
-2.1940
0.4375
-0.2067
0.0534
-1.4691
-1.9969
-0.0252
2.7998
0.5433
-2.1082
-1.4911
-1.0916
-1.2080
-3.7659
0.1918
1.1283
-1.3127
-0.8486
-3.2135
-3.5267
-1.6539
2.7129
0.8999
-2.3070
-1.5094
1.2771
-3.8572
1.7629
-0.9993
1.4979
0.4953
-0.3865
1.9266
-0.5907
-0.8099
2.2569
-3.9325
0.9801
0.6456
-2.3806
0.5368
-0.6848
-0.8264
1.1123
-0.2632
0.0460
-2.5349
-2.3415
5.3384
-2.7054
-2.5829
-1.8887
-0.2272
-3.3688
-1.8761
-2.1803
-0.8984
-2.6921
2.0182
2.4014
1.8745
-0.3526
-2.5338
-3.0689
-0.0630
-0.4106
0.7287
-1.8237
3.2201
0.4849
0.9711
0.8665
0.1478
-0.3790
-0.3637
-1.5128
0.1857
0.8825
-1.0881
-2.7670
-1.0643
-3.9376
-0.8635
-2.5397
0.4795
-0.7345
0.1407
0.8187
-1.7058
-2.9693
0.3465
1.1672
-1.2847
-2.5298
-2.3936
-1.3451
0.9723
0.4233
-2.1899
-1.7029
-2.8795
0.1261
-4.6568
-0.3809
-1.7681
0.3683
-0.6073
-2.6923
-0.6576
-0.8034
-1.0888
0.7967
-1.5753
1.3316
0.5086
-0.4053
-1.0779
-0.5088
-2.0287
-1.6839
-2.4199
2.0055
-1.2331
-3.2700
3.6243
-0.2968
1.0796
-0.8003
0.5285
1.4312
-0.8812
-0.9504
-2.8314
1.2834
0.8860
1.7019
-2.5897
-3.4330
1.9335
-0.9468
0.0603
-0.4639
-0.6854
0.1120
0.1579
0.0494
-0.1106
-2.1211
0.3096
-0.7173
1.0304
-1.0918
-3.8898
-2.1613
-1.7200
1.3672
1.1055
0.6295
-0.0398
-1.8990
-3.8308
-0.2411
-2.0514
-4.2986
-0.0732
-1.2205
-2.7296
-0.2519
-1.4105
0.0183
-1.1753
-0.8465
0.7273
-5.6385
-2.8782
0.7171
1.3894
-3.8324
-2.5990
2.5617
0.6369
-3.0696
-2.7813
0.3038
-2.1672
-2.2522
0.2237
-2.8020
-0.8600
0.6733
2.5921
-1.3066
3.4749
3.7955
-0.0369
3.1651
1.3951
1.4500
-1.9751
-0.2746
-4.6443
3.4764
-1.9942
-2.7537
-1.5129
-1.0663
-0.8248
-4.5838
-0.3676
-1.8520
1.5840
-1.4688
-1.9023
-1.3033
-0.1832
-0.0374
0.2368
0.5509
-0.3721
0.7733
1.4953
-1.8893
0.3811
-3.3993
-3.0746
-4.4565
-4.4577
0.4659
-1.2795
-0.9664
2.6503
-0.4639
-0.6749
-2.9487
0.3904
0.5901
0.3182
-1.6874
-2.3968
-1.6801
3.4943
-1.8370
-2.1148
0.3925
-6.8007
-1.0273
-1.1114
-2.4391
-0.8672
-1.9828
0.9953
-0.6006
-1.6492
-2.4078
0.2275
-0.6417
-0.6113
0.3323
-2.0792
-3.7584
-1.6705
1.3554
4.8672
-1.8864
1.2560
-0.4352
0.1943
-2.0224
-0.3521
-1.8392
2.9343
-0.8088
-1.4239
-2.1929
-3.1634
2.3913
-0.8203
-1.6370
2.2273
0.2520
0.0106
-1.2192
-0.3170
0.1949
-0.8970
-0.2125
-0.0329
-0.0629
1.1150
-1.7538
3.0512
0.0070
-0.7562
0.0158
-1.9901
0.4652
-0.9271
-2.2897
1.1537
-0.8220
1.1768
0.4559
-1.4216
-1.7152
-1.0789
-0.4193
-6.4085
-2.0134
-1.5056
1.5729
-1.1490
0.2512
-2.0924
-2.2867
-1.9958
-3.9974
-0.0114
-2.0265
0.5040
-1.5201
-0.4919
1.0317
2.3752
0.1415
-0.6597
-1.6879
-0.8383
-1.7076
0.0402
-9.3068
-1.8979
2.2576
-2.8724
1.4685
0.0635
-3.5387
2.3492
-0.4966
-2.3132
1.6643
-0.9785
2.7595
-2.7367
-2.6268
-1.4110
-1.7719
2.5621
-3.8284
4.9051
-3.1712
-1.9274
4.9662
-1.1044
-0.7852
-1.4382
-1.5932
0.0711
-0.0270
-0.0007
1.3851
-1.3559
1.3854
1.6468
0.8371
-0.8633
-1.5016
-0.4994
-1.1510
-4.7278
0.1389
1.8695
1.7070
1.4425
-1.0469
0.0535
1.7288
-0.1303
-1.6573
2.9833
0.7138
-0.3211
1.1659
-1.3262
0.0253
-0.7165
-1.9034
1.5336
0.6820
-0.1755
1.9172
-2.9939
-3.5935
-1.1842
-4.2833
-0.7729
1.1851
1.0067
0.7201
1.4274
0.0641
-3.7907
-1.5548
-3.8642
-4.1301
-0.7386
-0.8802
1.9505
-1.3459
-0.7839
0.1497
-0.0531
0.2402
-1.1868
1.1132
0.1369
2.7442
-0.6308
-2.3831
6.2806
0.5871
-2.1799
-3.2193
-0.7749
-0.6494
0.7131
1.6637
-0.5100
0.0979
0.1130
0.0021
0.2058
-1.2206
-0.7113
2.3804
-1.9045
-1.0458
1.0594
-1.4408
-0.1239
-1.4552
-3.4880
-0.1183
1.8872
-0.7453
1.8367
0.6572
-5.3223
-1.0528
-1.2523
-1.3553
3.5977
2.4741
-1.9657
-4.0000
3.0488
0.3100
1.1378
0.2333
1.8377
-1.6510
0.3449
-1.1796
-0.0667
-2.4654
-0.9244
-1.5941
-2.3762
-3.5341
-3.8742
-1.2212
0.2908
-3.4273
0.8786
-0.2279
-3.6116
2.4628
3.9051
-2.5039
-5.7370
-6.6318
0.4931
-0.0455
2.0221
-3.2124
0.6928
-0.5771
-2.4451
-1.1256
-1.7503
-3.1587
-1.5571
-2.5924
-2.6087
-3.6605
-1.7126
0.9065
-1.5049
-0.9495
0.1095
0.3975
0.2094
1.7664
0.3436
1.2301
2.1858
-0.4386
1.7166
-2.7667
-0.1855
-0.3444
-1.5045
-2.4575
-3.9267
-0.1362
-0.1783
0.9307
1.9544
-0.3877
0.6741
2.8657
-1.5091
-1.1253
-0.6003
-1.9472
-0.5015
-0.0550
-0.4842
1.0613
-3.0903
-2.1832
-0.2658
-1.1380
-0.8518
-1.5795
0.2029
3.1593
0.5106
-1.9099
-1.1384
-0.3639
0.2221
0.1328
-1.8421
0.1602
-4.5854
2.8783
1.7662
-0.1119
0.7995
-2.0423
-5.7420
-3.3499
-1.1519
2.5725
-0.7963
-5.4802
0.1140
5.9402
2.5313
-2.7971
1.6182
0.4792
0.1387
-0.2690
0.8747
-0.2943
-0.3690
0.4986
-1.4305
0.3395
0.0969
0.1444
1.9729
-2.4322
-1.6190
1.1428
-1.0518
-3.3500
-2.9569
-2.1439
-0.3053
-3.8972
-2.8428
-1.4094
2.4747
2.3694
-1.8516
0.5066
0.0675
-0.9662
-0.7404
0.7963
2.3925
-1.0326
0.3448
-0.3585
-2.0327
0.4971
1.3141
-3.6625
-0.2517
-0.7605
-3.7255
-0.2560
-3.5340
0.3192
0.1032
-2.1349
-1.9812
0.1364
-2.2685
-1.2629
0.0906
-3.7344
-2.4802
5.5350
-1.1897
-4.4728
0.0492
-1.0192
2.5815
-4.6823
-0.9041
-2.9801
0.5963
-3.0660
-2.2927
0.0120
-1.1609
-0.6261
3.8662
-1.3973
-1.9818
-2.9542
-2.2281
0.0205
1.9957
0.1695
-1.0263
-1.5461
-0.0861
0.2270
0.2736
0.0543
1.7565
-1.7043
-1.3393
-0.9304
-1.0160
-0.5007
-2.5423
4.0483
-1.4816
0.9234
-3.5682
-1.5525
-2.8750
0.8563
-1.1880
-3.4637
0.9738
1.6570
-0.2377
-1.6455
1.0877
-3.1048
1.8829
-2.3079
1.4848
-1.2678
-1.7428
2.4030
-1.9282
-0.8246
1.0398
-1.1414
1.4184
-1.8073
-0.3126
-2.5849
-0.7100
-2.6857
-1.9340
-0.2541
-3.5471
-5.3334
-0.5819
-4.0071
-5.6024
-1.0079
-3.2062
1.4089
-0.8957
0.1219
2.7441
2.5464
-1.0015
-3.0102
3.7549
3.1681
-1.5002
-2.8507
0.5883
-1.6616
-1.9421
-0.9152
3.6843
6.3368
1.5004
2.3332
-0.4297
-0.1605
-0.1887
-0.3856
-0.3210
0.3976
0.1094
-2.2678
-0.8380
-0.3574
-2.1563
-0.1999
-1.9712
-1.3476
-0.0744
-3.3388
0.2694
-2.6723
-1.7989
2.7306
0.8862
-1.6050
0.1633
-0.9405
1.2670
0.3248
-1.1128
0.7548
-0.2722
-2.5891
-0.9955
-1.4689
-0.8035
-3.0242
-1.6143
-0.9636
-0.1236
-4.6619
0.4763
0.6995
-0.1186
-0.6311
1.0750
-0.4815
-0.1038
-3.9274
-0.4640
-3.9135
-1.4428
4.5302
0.2484
3.6605
-2.1790
-4.3550
-4.8896
-0.7493
1.4963
0.3192
0.5883
-0.8400
-3.4560
-3.9368
-3.7194
1.0515
-2.3385
0.8917
-1.8689
-0.2125
-1.7811
-2.2817
0.6246
-0.3405
-0.0907
-0.1589
0.0041
1.5880
-1.9117
-2.0379
-4.0781
0.3564
0.1459
1.4441
-3.4612
1.6574
-2.6679
0.1846
-0.9245
-0.2442
-3.3435
-0.5274
-1.2107
-0.4427
0.5724
0.8277
-1.8276
-0.2142
-0.4745
0.8261
-2.3308
0.2988
0.5139
0.4282
-0.3782
1.1845
-1.1313
0.0924
0.2332
2.2688
-0.7351
3.3899
-1.9174
-1.3488
-0.0917
1.5849
-0.0692
-0.1461
-1.4306
0.8432
-2.8629
-2.8340
-0.5347
2.7828
2.3866
-2.5902
0.0781
-3.2562
-2.5545
-2.2966
2.6420
-3.6079
-1.7982
-2.3836
2.9878
-3.0376
-2.2507
-2.5892
1.3050
0.3716
0.7705
6.1367
-0.2701
3.3185
-0.5922
0.1844
-0.2363
-0.1108
-1.3665
2.3762
0.3916
-2.5818
-2.6965
1.2593
2.1932
-2.0998
0.8083
0.8866
-0.4488
-2.1683
-2.0125
-1.7447
-0.5512
-0.5961
-1.4625
1.6541
-2.6915
-2.4863
0.3951
-1.8052
-2.6975
-0.1726
2.0853
1.2053
1.8354
-4.7370
-0.5125
-1.0063
0.0407
-0.6379
-0.7816
-0.3180
-4.4175
-1.7574
-1.4149
-1.6026
-2.0928
0.1860
-0.0442
-4.9558
-2.2207
-0.7209
-1.8629
-1.3322
2.1185
-3.4874
2.1524
2.8802
-2.7200
-3.0277
-2.9734
-1.2338
0.5188
-4.7629
1.0199
0.2852
2.3769
-1.8833
-3.0126
0.5039
-1.3934
1.2104
-0.3800
1.5741
0.0596
0.1544
0.0198
-0.0718
0.0769
1.0173
2.6512
1.2459
-3.9729
-1.6056
-3.3318
0.6291
-1.3863
0.6347
-2.0248
-0.2606
1.2117
-1.3191
-0.5738
-0.5264
2.4961
2.7484
1.6673
-1.4515
0.4565
0.2153
-0.3168
-1.9514
0.4752
1.7269
-0.7746
1.9016
-1.2178
0.8685
-1.9964
-2.6517
-2.8043
1.7434
-3.5018
2.1613
0.4600
-0.2025
-2.2146
-2.9775
-1.3499
0.0790
-7.8386
-4.1505
-0.2643
-6.2568
-7.3436
2.9325
-0.8269
1.8623
-0.2336
-1.1102
0.5758
2.0518
-2.1139
-0.7554
1.7994
-3.7809
2.1692
0.2982
2.8316
1.0648
2.1535
3.9971
-1.3818
-0.1300
2.1234
-0.3602
-0.0974
0.1918
0.0375
0.1729
-0.9825
-0.2087
-1.2445
-2.4415
-0.1320
-2.1097
1.1982
-3.7714
0.9693
-1.2558
0.3071
1.8635
1.2983
-1.6738
1.7268
-2.2981
-1.6011
-1.0190
-0.4673
1.0174
-2.8806
1.0053
-1.8344
-0.8429
-1.7056
-0.0476
0.6553
-0.5375
-2.2501
0.8103
2.8503
-0.6645
-2.5990
0.5057
1.6654
2.1135
0.7511
-0.2469
1.5643
1.7215
0.2438
-6.6501
1.4675
-0.5099
-1.2373
-4.2550
-3.0293
0.0836
0.5120
-2.0807
0.4883
-3.0482
-1.0007
3.1759
-1.5383
-0.0896
1.7772
-3.2628
-0.6664
0.5754
-1.0449
-2.7936
0.6755
-1.8807
-1.3574
0.1857
0.0114
0.1466
0.3247
0.1291
0.3273
1.0404
1.0194
4.6020
-0.6271
0.7366
2.1640
0.6030
0.1938
-2.4668
-3.2576
-2.1045
-1.0847
0.6429
-3.5182
-1.2803
2.6799
-0.7112
4.8886
0.2962
-1.3106
-2.3243
-1.4065
-0.5562
-3.2561
-0.6597
-1.4271
-2.3565
-1.2439
1.7113
0.7037
2.6123
-2.9218
-3.8160
-3.0293
-0.6505
0.2365
0.2752
-1.3645
-1.0253
1.5756
0.2086
-4.9689
0.4654
-1.1426
3.9202
-2.8886
-5.7242
-0.6464
-4.5766
2.4147
-3.9956
1.0239
0.1703
-1.1781
-0.4171
2.6930
-0.9308
-3.5783
-0.8295
2.4035
1.0200
-1.8461
0.9863
2.5651
-1.2794
-1.5991
2.3954
1.2832
-0.0651
0.0563
0.1764
-0.3548
3.9875
-1.8854
0.5569
-1.0699
1.0518
-3.2078
-4.9542
0.2960
-3.5989
-1.4796
0.4346
-0.2026
1.9597
0.8124
1.4250
-0.8085
2.8743
0.8364
-2.9388
-1.4459
-0.3682
0.5239
-5.2805
-1.2881
-3.3338
1.0737
-3.9197
-2.5853
-1.6481
0.8936
0.5179
-2.7619
0.8511
-4.2288
1.8951
0.8990
-1.1682
0.3917
-0.8066
0.0872
-3.6474
3.2235
-1.1229
-2.8748
-2.7525
0.6396
2.9025
-2.9278
5.4039
-1.5674
-0.9772
-1.6146
-3.9438
-0.2543
-1.3929
-1.0599
-1.7854
-0.2364
-2.0141
0.0598
-0.8847
0.2952
-1.8361
-0.2835
-0.3582
-0.1650
0.7221
-0.0044
-0.0449
0.0213
1.1632
1.0239
0.8874
-0.5653
0.0454
2.6376
-1.2533
-5.3616
-2.1477
-4.4361
-2.2373
-0.8944
1.5316
-2.5996
-0.0163
-4.8251
-2.1457
-0.6217
-2.4737
-2.8684
-2.6871
-0.3544
0.7864
-2.9290
-0.2401
-4.2999
-0.1119
0.9981
0.7258
1.5306
-1.3250
-1.6630
-1.8818
-0.4716
0.2886
-0.9263
-0.2225
-5.6204
-1.4789
-0.4996


Weights 1->2:
-0.6488
-0.9094
-0.7365
-1.1446
-0.9711
-0.4334
-0.7561
-2.6592
-0.5830
-2.5024
-0.8423
-0.5263
-0.6169
-1.0914
-0.6207
-0.7508
-0.6941
-0.6804
-0.8766
-0.7480
-0.7570
-0.4380
-0.8774
-0.7818
-0.5739
-0.7892
-0.5338
-1.2808
-0.5936
-1.4861
-0.6647
-0.7134
-0.4192
-1.2184
-0.4803
-0.6932
-0.9059
-1.1539
-0.7341
-0.4285
-1.3973
2.0866
0.7970
-3.3872
2.9038
-2.6489
-1.8746
-5.1874
0.1819
0.6257
-1.6773
-2.5774
-0.5055
1.5239
2.3308
-0.3826
-1.0579
-1.5323
-2.6666
0.6755
0.3776
0.2718
2.0552
-0.3113
1.5846
-1.0132
-0.3545
2.7326
4.1532
1.2778
2.7705
2.4297
-0.1144
-1.0321
-0.9951
1.4254
2.1182
1.6760
2.3268
-2.5789
-0.4674
0.5226
0.4045
-2.1566
-0.5286
2.8973
2.4984
1.5910
4.8826
-0.5940
0.7380
1.3783
-0.0295
-0.7174
1.6970
2.1075
2.1922
-2.0406
1.7576
-1.6215
0.2324
0.3778
0.5013
-0.7843
2.4671
-2.7860
-0.3612
3.1647
1.9073
1.6969
0.9055
-0.4985
0.6469
-0.5036
-0.0764
2.0082
0.8322
-1.7439
3.9969
-0.3375
1.6738
-1.5320
-1.8922
2.6125
1.7665
-0.2629
-1.1028
-1.3853
-1.9886
3.5299
0.9987
0.3768
-3.3429
-1.6104
-3.2180
0.1483
2.2092
1.8474
-0.0268
3.2250
-4.5389
-3.6209
0.7878
0.8714
-1.8367
1.4636
1.4772
1.0529
2.8534
0.6573
-2.0721
1.9503
-0.6660
1.6931
-0.2017
1.9335
3.0510
0.3549
-0.0785
-0.5831
1.3387
1.7674
0.6495
-1.6091
-1.7203
2.2021
3.1453
0.5713
3.1532
1.3216
1.2656
0.6076
0.6378
-1.8252
1.7554
1.2078
0.9789
-0.8365
1.9938
0.4227
-0.1175
0.9039
-0.2359
0.7713
1.3001
-1.7593
-0.7861
1.6334
-0.3187
-0.2191
0.2889
0.9825
2.8327
-0.4337
0.6822
1.2817
-0.1453
1.5910
-0.8047
0.9169
-1.9243
3.2482
0.6879
-2.4706
-1.6253
1.5582
2.3184
1.2176
2.8964
-0.3769
0.0087
2.6270
-3.0446
2.6118
0.7901
0.2817
0.9934
-2.0014
1.3850
-0.4780
0.6155
-0.2829
0.5228
2.1773
2.8063
-0.9133
-1.4650
1.9475
0.5650
-0.7934
-0.4940
1.3657
0.6727
0.9324
0.5706
2.4314
2.1830
0.0266
1.8880
-1.3023
-1.5987
0.8971
0.2123
2.2969
1.1426
0.3253
-2.7702
-0.4211
-4.3107
1.2463
2.2092
0.8635
1.0099
-0.7039
0.8294
-2.5216
2.9132
-2.9847
1.0938
0.7843
2.4202
1.9459
-2.7928
-0.9280
3.6436
-0.7766
1.3332
2.1917
3.1010
0.1863
-0.8213
3.2306
-2.1919
3.1249
-1.5630
-0.6917
-4.9432
1.2969
0.4548
0.8142
-0.2930
1.9131
1.0766
-3.2960
-2.0813
1.6030
4.1618
0.2407
3.5029
0.6254
-2.6283
-1.6673
1.7684
1.3136
0.6064
1.0616
1.2363
2.3133
1.5474
0.6155
-0.7883
-0.7008
-0.7173
-1.2884
2.1057
-1.8625
-0.1566
1.7374
1.6659
-1.3196
2.5895
0.7578
2.4439
0.5460
1.6726
1.2091
0.3878
0.9605
0.0355
-1.8375
2.0425
-1.4077
-1.0938
1.9231
2.5696
0.0185
0.5650
2.5084
-0.2100
0.1604
1.4976
-1.0697
-2.2465
0.2622
0.9641
1.2897
-0.8847
0.6827
-0.9195
-1.5767
1.5405
-0.1681
1.7856
0.2515
1.0981
1.5528
-0.0466
2.3575
-0.6411
0.2751
1.7793
-0.1263
-3.3830
1.4086
0.8438
-1.3716
1.1415
0.9401
0.4833
-0.3713
-0.6142
-0.2606
2.4717
1.6176
-0.6361
-0.9779
0.0413
0.7930
3.8061
1.0243
3.0992
-3.2542
1.6882
-0.4280
1.3816
0.7096
-0.8598
2.9466
0.8590
0.1051
2.8012
0.6875
2.8248
0.6371
-2.4566
-0.2961
2.1224
1.9102
0.3352
-0.2507
-1.6434
-1.6473
0.2508
-0.5074
1.0115
0.0832
1.7980
-1.7977
1.9619
1.1113
-0.7379
-1.3980
-0.1569
3.1115
0.9521
-1.7004
1.4181
2.1014
6.4027
-0.7338
-0.2407
-3.4312
1.0217
0.3452
2.7347
-2.1942
0.4100
-1.8536
0.0211
1.6163
1.0728
2.6615
1.7268
-0.3615
-1.8823
0.6004
1.8331
-1.2715
-0.7919
0.2400
1.1076
0.4703
5.2329
1.6267
-0.1078
-0.9804
-1.2972
-1.5286
1.9071
1.7986
-1.0837
-2.1513
1.4241
2.3283
1.9423
-1.2514
-1.5203
1.6045
-3.2880
-0.0678
-1.0486
-2.0906
0.2718
0.5279
0.8324
-0.4855
-1.6680
2.1244
-0.8954
1.1657
0.7371
-1.0606
-2.2572
-0.4283
2.1561
4.1376
2.5211
2.1491
0.2851
1.5215
-3.0732
-2.6864
-0.1449
-0.2369
-0.9319
0.9966
-1.4492
0.2991
-1.2499
4.1736
-0.2978
-1.3105
-4.1821
0.4193
-0.6860
-2.8029
3.5933
-0.8202
1.7935
2.3553
1.4402
4.5733
3.3874
-2.6815
-0.8569
2.8304
0.9199
2.8914
0.1477
1.5987
0.4885
2.3206
1.0943
0.3684
0.5369
-1.0933
1.8832
1.2161
-1.6793
-0.0203
-3.1278
1.8658
-0.8059
-3.8712
-0.5310
-1.0305
-2.1661
-0.1593
-4.0365
-5.0180
-3.0719
0.4029
0.8505
1.4418
-2.4997
-1.3081
-2.7961
0.3294
-0.8906
1.2549
0.8438
3.3284
0.5631
-1.1806
-3.0094
-2.0563
-0.1182
-0.8604
2.2027
-0.2356
-1.6669
2.0025
-2.3761
2.3884
-0.1784
0.2111
-1.4214
0.9453
0.0454
3.7372
-0.4119
-6.0487
-0.5907
1.1615
-0.6883
-1.0611
0.1442
-0.7734
0.9113
2.5949
-1.8841
-0.1183
1.7054
0.2490
-3.7269
1.4266
2.6488
2.0690
1.8353
-1.8487
-4.2715
2.4866
1.0062
0.4145
-0.1370
-0.5452
1.6631
-1.2446
0.5200
1.4427
-0.2525
0.2838
0.7012
1.5696
0.8238
1.2489
-2.4839
0.5479
-0.2365
-3.0297
-1.0300
1.2310
4.9065
0.2523
3.1512
0.0101
2.1363
1.9634
0.7909
-0.0693
3.8597
-1.9512
-4.5601
1.8482
0.8493
-1.0849
1.3897
1.0055
-2.9156
1.0186
0.7062
0.3309
2.6825
0.3797
0.0295
1.2023
-0.1789
3.5565
0.4415
1.4848
-1.0942
-1.3928
-0.3333
0.9563
-2.1889
1.7518
-0.8539
0.8138
0.1660
1.2428
-0.5520
1.8604
0.6831
-0.0701
-2.5603
-1.1393
0.0834
-0.9084
-2.2692
0.9016
-0.8045
0.6179
1.9524
1.3288
2.5216
1.2825
-1.1998
1.9821
-1.0218
-0.2033
2.3578
1.3892
2.1074
-1.7217
-0.2262
-0.1765
0.2401
2.2720
-0.5650
-1.5055
4.1655
0.2754
0.7266
-1.7774
-2.1670
1.4572
0.2719
-2.0615
-1.3709
-0.5133
0.2459
1.5483
0.9009
0.9001
-0.2051
0.8287
-2.0347
2.8602
0.9526
-2.5716
-1.1708
-1.3514
1.0849
1.2788
0.3467
0.0370
-0.3881
1.8485
-0.3126
-0.4858
3.3363
-0.5472
1.7812
-0.4126
2.1214
0.5392
2.3413
-1.1940
-2.3647
-0.2958
2.0547
1.8929
-1.4011
1.3522
-0.1938
-0.7016
-1.1051
-1.8561
0.9130
0.2214
2.9186
0.8034
-1.2193
-0.7675
0.2549
0.7745
1.4124
1.1949
0.5278
-1.3322
0.2162
2.3347
-1.1019
-1.1567
0.5216
-1.5168
1.5814
0.2390
-1.2879
1.5826
-1.7965
-2.2621
1.4970
1.0065
-0.5231
0.7167
-0.3847
-1.0362
1.4748
-1.1731
0.5497
-1.0605
1.2961
1.4798
-0.1175
-1.2097
-0.7295
-2.9191
-1.2818
-2.1876
-0.4436
2.8273
-1.5577
1.1017
-0.6490
0.3358
2.2030
3.5728
-0.9661
2.2081
0.1039
4.0357
4.2016
0.1249
-0.5647
2.0674
0.7959
0.5348
1.1343
-0.7557
-1.1688
1.6186
-2.7329
2.4554
1.0435
-1.1265
1.4752
-3.3478
2.2594
-0.4346
-2.2608
-2.5379
0.0282
-0.1301
-1.5377
-2.3316
-2.8267
1.1965
-2.3543
0.5561
1.8853
1.3649
-1.0902
-3.2850
2.7343
-0.9057
1.9384
-3.2015
1.3547
3.7623
2.4986
2.1834
0.4099
-1.1963
1.6803
-3.6026
-4.1308
-0.6241
-1.2014
1.4992
-0.5547
2.4734
-5.2103
0.6277
-1.2806
3.1559
-0.7894
1.2194
-4.5852
-1.3256
-3.1228
0.3618
0.1412
-0.3982
-3.2739
3.6888
0.1166
-2.4861
-2.7222
0.4879
0.0423
1.4311
-0.9457
2.6458
0.8853
0.3621
0.3358
-2.6174
0.9571
2.7024
3.2163
0.9186
1.3940
0.8552
1.6560
2.3065
-0.3228
-0.6041
-0.9956
2.1010
2.4595
0.9033
2.2460
1.6620
-1.8636
-1.5185
-1.2539
0.2562
-3.3384
-0.0471
-2.4698
0.0466
-0.2813
-0.4128
0.0070
-2.5377
1.5555
-0.7187
0.0515
-0.9981
2.0642
-1.6253
0.4756
-0.3148
-1.1197
-0.6237
-0.4813
0.6753
-1.5544
-0.4456
2.1959
-0.7892
-0.1061
-1.3427
-0.0049
1.2556
-0.0689
0.7659
-2.1491
0.7565
0.1922
0.2834
1.9578
-0.0835
-0.6729
0.8310
-2.4138
0.8516
0.1425
0.9524
-0.2180
0.8271
2.4995
2.6622
0.4549
-0.0867
1.6120
0.9965
-1.4013
-0.1275
0.4420
-1.4581
-1.3431
-0.4214
1.6075
-0.5566
0.8471
-0.0762
0.4240
-1.1676
1.3512
-1.9607
1.2799
1.5187
0.3438
2.8779
-2.0082
-0.4463
-3.1102
0.1585
-2.5006
-1.9412
-0.1073
0.9228
0.8471
0.1861
-2.0682
1.7583
1.7050
-0.3673
2.6374
-0.8194
-0.8615
-1.8520
-0.8871
2.8555
-1.0373
-2.0378
-0.8965
0.6489
-0.0342
-3.6996
-0.3607
1.0830
-0.5185
0.3993
0.5312
1.9270
-1.8005
0.3243
-0.3480
-1.0955
-0.7952
-1.9198
-1.0729
-1.0173
-0.5558
0.4472
-1.0403
0.0448
-0.9644
-0.4871
-0.8002
0.2193
-0.8784
0.5146
-0.3118
-0.4985
-0.1864
-0.4022
-0.3606
-0.5978
-0.8617
0.2586
-0.2687
0.1592
-0.0427
-1.4839
-0.1943
-0.4316
-0.3956
0.0007
-0.3248
-1.1060
-0.3664
-0.5344
-0.3827
0.6529
-0.7250
0.0719
-0.7374
-1.3236
-0.8787
0.2449
-1.1323
1.8332
-0.8070
-2.5520
-1.4898
-1.0076
-3.9093
-1.0115
-1.3257
-1.0713
0.5279
-0.6420
-1.3513
-1.3995
3.0051
-1.2829
0.0697
-0.5972
-0.4059
-1.5686
0.6729
0.7779
-0.0399
-3.0874
-0.2103
0.9217
0.0568
-1.4094
-1.0320
1.7865
1.0811
-2.3213
-2.7450
1.3349
-1.7945
-0.6990
-0.3854
0.5630
-1.1967
-0.5635
-1.1275
-0.2582
0.2307
0.6503
-0.3851
-1.1007
-0.0687
-0.5633
-1.2628
1.9307
-0.9244
-0.6669
-0.7636
-0.7597
-1.4221
-0.6748
-1.1500
-0.7091
-1.1227
-0.7095
-0.2923
1.7202
2.4229
-1.9495
-1.2931
-1.0818
-0.8644
-0.2625
-0.0666
-1.1449
-0.7704
-1.1875
-0.6953
-1.7540
-1.1006
-0.4176
0.7543
-1.5925
-1.5711
-0.0153
1.8226
-0.8158
-2.1934
0.6647
-0.3528
-4.0122
2.3558
-0.3504
0.0085
0.8876
-1.8736
-1.8367
-0.6839
0.4863
-0.9326
0.7330
-0.3218
0.2539
-0.2955
-1.5487
-0.2675
-1.5810
-0.6643
-1.3519
0.1807
1.5537
-0.8678
-0.9029
-0.6322
0.1339
-1.2620
2.0085
-2.1482
-1.8490
-0.6447
-0.9461
-0.5145
-0.6556
-0.6738
-0.8827
-0.8177
-0.6245
-0.6430
-1.8113
-0.6009
-2.1690
-0.7010
-0.6551
-0.6378
-1.1328
-0.8092
-0.9464
-0.6698
-0.4122
-0.7751
-0.8708
-0.6445
-0.5513
-0.8885
-0.8041
-0.5905
-0.7751
-0.2456
-1.2501
-0.6253
-0.7668
-0.5840
-1.0279
-0.5352
-0.6887
-0.4448
-0.8936
-0.8559
-1.1185
-0.7110
-0.6435
-0.6783
-0.7036
-0.5889
-1.2244
-0.8225
-0.7436
-0.6861
-2.1449
-0.6863
-2.0472
-0.8736
-0.5877
-0.5808
-1.1292
-0.9480
-0.8205
-0.6862
-0.6223
-0.5477
-0.8339
-0.5352
-0.4083
-0.7118
-1.0219
-0.7211
-0.7509
-0.6558
-1.2463
-0.5132
-1.4479
-0.6423
-0.6104
-0.6491
-1.3421
-0.4980
-0.6284
-0.8335
-1.0977
-0.5748
-0.4282
-0.5099
-0.6934
-0.7420
-1.1997
-0.8688
-0.6054
-0.8154
-2.0694
-0.5542
-2.1171
-0.7961
-0.4354
-0.7383
-1.0826
-0.8233
-0.7552
-0.6066
-0.6742
-0.7668
-0.8395
-0.5303
-0.6439
-0.7166
-0.8993
-0.6139
-0.8342
-0.6843
-1.0948
-0.7226
-1.5219
-0.6041
-0.8240
-0.5269
-1.2553
-0.5603
-0.6878
-0.8747
-1.1251
-0.6938
-0.6684
-0.0507
0.0153
0.0182
-0.0457
-0.0470
-0.0672
-0.0045
0.1146
0.1118
-0.1011
-0.0777
0.1170
-0.1329
0.0772
0.0141
-0.0720
0.0064
-0.0932
0.0487
0.0304
0.1779
-0.0682
-0.1914
-0.0828
0.1081
-0.0685
0.1003
-0.0884
0.2228
-0.1635
0.0528
0.1215
-0.0422
-0.1203
-0.0584
-0.0035
-0.1228
-0.1210
0.0166
-0.0979

Direct connections:
