version: 10
file format: 0

training data file: ../en_s1.txt
validation data file: ../en_test1.txt

last probability of validation data: -22077.835971
number of finished iterations: 11
current position in training data: 0
current probability of training data: -22037.681431
save after processing # words: 0
# of training words: 112449
input layer size: 112
hidden layer size: 40
compression layer size: 0
output layer size: 73
direct connections: 0
direct order: 3
bptt: 7
bptt block: 10
vocabulary size: 72
class size: 1
old classes: 0
independent sentences mode: 0
starting learning rate: 0.100000
current learning rate: 0.001563
learning rate decrease: 1


Vocabulary:
     0	         0	</s>	0
     1	     20894	â–	0
     2	     10517	e	0
     3	      8068	t	0
     4	      6402	a	0
     5	      6312	o	0
     6	      5616	h	0
     7	      5415	n	0
     8	      5344	i	0
     9	      4996	s	0
    10	      4177	r	0
    11	      3696	d	0
    12	      3623	l	0
    13	      2669	u	0
    14	      1952	w	0
    15	      1942	g	0
    16	      1912	,	0
    17	      1744	c	0
    18	      1698	y	0
    19	      1515	m	0
    20	      1506	f	0
    21	      1407	'	0
    22	      1141	p	0
    23	      1113	b	0
    24	       881	`	0
    25	       850	k	0
    26	       757	.	0
    27	       622	v	0
    28	       576	I	0
    29	       542	-	0
    30	       498	A	0
    31	       378	T	0
    32	       355	!	0
    33	       240	H	0
    34	       197	W	0
    35	       185	:	0
    36	       173	S	0
    37	       173	?	0
    38	       160	D	0
    39	       159	M	0
    40	       156	;	0
    41	       153	E	0
    42	       139	O	0
    43	       114	C	0
    44	       112	R	0
    45	       112	x	0
    46	       110	j	0
    47	       101	"	0
    48	       100	N	0
    49	        91	q	0
    50	        87	Y	0
    51	        80	L	0
    52	        76	B	0
    53	        70	Q	0
    54	        66	K	0
    55	        65	G	0
    56	        60	*	0
    57	        54	z	0
    58	        52	U	0
    59	        51	P	0
    60	        51	F	0
    61	        47	)	0
    62	        46	(	0
    63	        29	V	0
    64	         7	J	0
    65	         4	_	0
    66	         4	X	0
    67	         2	[	0
    68	         2	]	0
    69	         1	3	0
    70	         1	Z	0
    71	         1	0	0

Hidden layer activation:
0.0004
0.0244
0.0001
0.0007
0.1270
0.8555
0.0091
0.0502
0.0001
0.9936
0.0158
0.0001
0.0222
0.0009
0.0249
0.6297
0.0073
0.0042
0.0591
0.0108
0.0000
0.0003
0.0003
0.9966
0.0380
0.0035
0.9987
0.0067
0.0023
0.0289
0.0631
0.0747
0.0002
0.0105
0.0152
0.0086
0.9429
0.0129
0.0000
0.1879

Weights 0->1:
-0.1192
-3.8751
-2.3361
3.2817
-1.0799
1.8040
-2.4199
-2.1566
-2.2331
-1.3425
-0.3589
1.2202
0.5797
-0.0372
-0.6419
-1.0941
-0.0604
1.0154
-2.1427
0.6342
3.0908
-0.8488
0.2199
-1.2087
-0.1584
-1.2562
-0.5573
-0.6856
-0.5908
-1.5115
-0.5896
2.9019
-0.2603
-1.0892
0.4413
-0.0069
-0.2595
-0.4382
1.0070
0.8868
-0.0813
-0.4316
-0.7700
-0.1354
-0.7522
-0.3890
-0.8483
-0.6923
-0.6193
-0.5002
-0.8494
-1.5339
-0.6863
0.8032
-0.0899
-0.7656
0.2685
-0.2587
-1.1127
-0.4250
1.2014
-0.1228
-0.4155
-0.8952
-0.1317
0.1419
0.0983
0.3498
0.1040
-0.0918
0.0532
0.1690
-2.2938
-1.0015
-0.9984
1.2629
-1.9972
-0.4519
0.0101
-1.5232
-2.8922
-2.0133
0.2613
-0.9487
-1.8545
0.1121
2.5050
-0.9126
0.0336
-0.3128
-1.6143
0.5453
3.5925
0.3560
0.5466
-0.4213
-1.0878
-3.1774
-2.7771
-3.6511
3.4977
-1.5465
-0.8816
1.4657
1.0726
-0.3376
3.0846
1.5999
-2.4274
-3.0575
1.3920
-0.4810
-0.3596
-3.3339
1.6141
4.4888
-2.8095
-2.5193
-2.4248
0.4305
0.1794
-1.0340
-1.9442
-0.1110
-1.9776
1.1917
2.1920
-2.1115
-0.6135
-1.2492
-1.8558
-1.0175
-1.3070
1.8365
2.7137
-0.2910
-1.3839
-0.5965
-0.0113
-1.3554
-0.2273
-1.1423
0.6911
3.6408
-0.1420
-1.1190
-0.5547
-0.1409
0.5914
0.0388
-0.6017
0.1106
-0.1866
-0.7238
0.8879
1.1391
-0.6231
-0.5128
-0.5861
-0.3988
-0.5852
-0.3627
-0.7871
-0.5167
-0.4616
0.1712
-0.3032
-0.6178
-0.0666
-0.4829
-0.4638
0.6449
-1.0015
-0.1386
-0.2236
-0.2503
-0.4588
-0.1107
-0.1427
0.1633
-0.0268
-0.1081
0.0874
0.1529
-1.5938
-0.1636
-3.2925
0.6763
-2.7534
0.9561
0.3113
-0.3282
4.2172
-4.0257
1.8607
-0.7821
-1.2004
-1.2838
0.9681
-0.6554
-0.7765
-4.8816
-1.6800
-2.8878
-2.1245
0.3376
1.7091
0.0090
-3.8267
1.5208
-2.8459
-1.6841
0.2824
-0.6983
-0.6210
-3.0864
0.2753
-1.9890
2.0819
-0.7267
-0.2231
-0.6838
-0.7147
0.4079
-0.0781
-5.0674
0.1633
0.0624
-1.0749
-1.6655
-2.3028
-0.8573
1.0322
-0.4156
1.5857
-1.9291
-1.7770
4.9904
-4.0788
-0.4338
-0.0626
-2.3929
-1.6010
2.2156
-0.1308
-1.0738
0.0031
-1.4485
-1.9218
0.8632
-0.7007
-0.5856
1.3127
-0.1045
0.4191
0.0962
-0.7404
-2.4000
0.4552
0.3061
-0.0209
-0.5015
-1.3940
-2.0642
0.9034
-0.5986
-1.5174
-1.6674
-0.8106
2.4439
0.4257
-0.8592
-0.7363
-0.2993
-1.5037
-0.0202
0.1825
2.1642
-0.9533
1.9385
0.9336
0.0401
-0.0432
1.0175
-0.9689
-0.1692
-1.2384
-1.0124
-0.0638
0.1890
-0.2371
-0.1667
-0.0705
0.0886
-0.0275
0.1279
0.3241
-0.8432
-1.3473
2.1652
-0.9754
-0.9805
-0.6547
1.4706
-0.8512
-2.6000
-0.1022
-1.4546
1.9965
-1.1995
0.5872
-2.5871
-0.7009
-1.1491
1.7011
0.5431
1.3378
-3.4588
-2.4928
-1.4412
-2.4021
-2.4829
-2.5580
1.5257
-1.0703
-0.1289
0.0302
-1.6524
0.4412
0.6406
0.6189
1.8331
-0.5415
-1.4057
0.5821
-0.8496
-0.2436
-0.3115
-3.2091
1.8098
-3.3265
0.1319
0.8047
-1.0932
-2.0289
4.3470
-1.1840
-0.9567
-0.7755
-2.4170
2.1727
-1.4301
-0.8480
-1.0817
-1.9239
-1.0086
-0.4960
-0.6930
-0.7043
-2.5101
-2.5937
-0.8996
-0.2845
0.1379
-2.4808
-0.0786
-1.7852
2.3341
0.2330
0.9715
1.7782
-0.3658
2.7932
0.1668
-0.8834
-0.1950
-0.3668
-0.0023
-1.2501
2.2954
3.1441
0.0225
0.3261
-0.3355
-1.1404
3.8995
-1.0085
0.6770
-1.1526
2.2700
-3.6017
1.6312
-1.5027
0.3826
-1.3301
0.2472
-0.3523
-0.0520
-1.5667
-0.4964
-0.6275
-0.6314
-0.1748
-0.1236
0.0557
0.0052
-0.0199
-0.1677
2.7053
-1.3662
1.0537
-0.4107
1.6389
0.5591
-3.2109
-3.3712
-1.3104
0.5624
-0.4500
2.5600
-1.2884
-1.1353
0.2708
-3.0577
-1.9579
0.7670
-2.6716
-1.4849
1.5048
0.0354
-0.3875
0.6909
-1.2356
-1.2713
-2.5636
-2.1984
-1.5787
-1.4751
-1.6211
-2.4814
-3.6641
0.4092
-1.2648
-0.2213
0.0476
-1.2926
-1.6041
-0.0276
-0.0649
-3.2818
-2.8627
0.6004
1.9791
-4.5944
-0.0401
-2.1700
7.8625
-1.7040
-1.4550
1.0352
1.8422
1.6779
-2.8281
-3.8338
-2.9585
-1.5955
-3.3094
-0.9487
-3.6233
3.2145
-0.2856
0.8488
-0.4037
6.3349
-2.9248
5.8123
-0.5002
0.1620
-0.3288
-1.1382
-2.7565
-1.9201
-0.7899
-1.1150
-0.8203
-2.3953
-0.3675
-0.7037
-0.3082
-0.7924
-1.1211
-0.8354
-0.6658
-0.8296
0.2711
0.0653
-1.2163
-1.8685
-0.2578
-0.4396
-0.3813
-0.2714
0.0439
-0.7536
-0.2384
3.5873
-0.6629
-0.8111
-0.4187
-0.5573
-0.0952
-0.4311
0.0274
-0.1009
0.0381
0.0994
-0.1384
0.2005
0.0167
-0.0722
0.2030
0.8358
1.1041
0.4338
1.8856
-0.6408
-0.3945
-0.3268
1.0453
-0.7075
-0.1444
-3.1993
3.4301
-0.1823
-4.5655
1.3680
1.3900
-2.7579
1.1240
-1.7537
2.4551
2.3664
-1.0300
-1.8145
-0.8750
0.7502
-2.2487
-0.2467
1.4113
0.0629
0.0567
-0.3255
-2.3342
-3.6280
0.1595
0.2381
0.4941
-7.0923
-1.6045
-2.8840
0.1255
-5.4726
1.5292
-2.4646
-4.4118
-7.3830
-0.9843
-3.0473
-2.3966
-0.9982
-1.0215
-1.5909
0.3782
-2.2343
4.4157
-0.0672
0.4825
-0.7297
0.9525
1.6594
-1.3410
-4.2721
-3.5411
-2.3844
0.6247
3.3595
2.6022
4.6373
-1.2920
4.8604
-2.2927
-0.8656
2.0682
-0.7633
-0.5900
1.8560
0.7976
1.2398
-0.0564
2.9207
2.2089
-0.7349
0.6872
-1.2551
-0.0476
-1.1570
-1.2465
0.9358
-0.7072
-1.8339
0.7392
-0.6844
-1.4545
-0.7456
1.3949
-0.4982
2.2327
-1.2901
-1.7662
-1.3633
-0.3335
1.3212
0.4384
0.3696
-0.7035
0.2449
0.3639
-0.0130
0.3351
0.0636
0.0991
-0.0010
0.2081
-0.9688
1.1210
-0.2502
2.8364
-0.4470
1.6089
-1.8889
-5.0257
0.1412
-1.4377
-0.9388
-1.6502
1.3684
2.8869
0.2156
-0.3638
-0.7748
-0.1318
-1.1053
1.1203
-0.9111
-1.1500
3.0358
0.5928
-0.4000
0.3399
-0.3312
0.9398
0.1431
1.3873
-2.5080
-0.7670
-2.0938
-0.1710
-3.2422
0.0606
-1.7274
2.1891
1.6743
0.1370
-3.2040
0.6343
-3.4599
-4.8033
2.7043
-1.2754
-1.8618
-0.7226
-0.1265
-1.9338
-1.4293
-1.6858
-0.0959
0.8141
3.2950
-1.4155
-0.2901
-2.1161
1.7435
-0.7468
4.9571
-1.8074
0.0924
-1.0382
-0.2706
5.1990
-0.2266
-1.0698
-2.5823
-0.7446
2.1586
-0.4138
-1.1759
-0.5913
1.4022
-0.3086
-1.0626
-0.2613
-0.0391
2.4826
-0.8532
-1.0760
-0.1595
-0.2479
-1.0481
0.0405
-1.4008
-0.5704
0.0449
0.1020
-0.6787
-0.2787
-0.0784
-0.2570
0.0041
0.4505
0.0960
-0.2271
-0.4628
0.0393
-0.0691
-0.1191
-0.2430
0.1132
0.1174
-0.0148
0.0196
-0.0425
-0.1391
-0.1356
-0.0217
0.7194
-0.9881
-2.0321
2.3997
0.0736
-0.3901
-1.5827
-0.9349
0.2469
-1.5848
-3.6874
-1.3412
-5.4155
-2.4211
0.4084
-1.2075
0.8542
-4.0739
-2.6406
-1.3053
-2.7716
-0.5079
1.0844
1.9773
4.5518
-1.8108
0.3361
-1.8384
-2.6741
-1.3248
0.0710
1.5555
1.3716
-2.8035
1.1292
-0.0717
0.4939
-1.7915
1.1773
0.6955
0.9361
-2.1008
-1.0703
-2.5537
-1.8219
0.3075
-6.3794
-2.9604
-0.8256
-1.8833
-0.9020
-2.1940
-3.7619
-5.0046
-2.1734
-1.9021
-0.3946
-1.6644
-1.5715
-1.9635
-2.3870
-0.1132
-2.7072
-2.9416
-2.1896
-0.3425
0.5432
-1.7201
1.2261
-2.1309
1.6816
1.3607
2.1060
0.7681
1.3889
0.5843
2.1270
1.6091
1.6724
1.6521
0.4919
2.4980
2.1213
0.1764
2.5038
-0.2268
-0.8932
-0.5971
1.2172
4.0548
2.2659
1.3612
1.0811
4.1925
-0.8822
-1.1989
0.8691
1.4418
2.2447
1.0134
0.0182
0.0861
-1.7889
2.7270
0.3616
0.5878
1.0560
0.4992
-0.1878
0.0016
-0.0863
0.0139
-0.1347
-0.0395
1.6875
1.6272
-2.5034
-3.0665
-2.2282
3.3203
3.1372
-1.0717
0.9646
-1.2642
0.2244
-1.8281
1.1818
-0.1160
-1.0254
-0.0950
0.1795
-0.7554
0.0682
-1.1815
-1.2662
-0.6111
1.9473
0.1183
-1.0063
-0.9528
-3.3507
-1.3319
-0.3516
0.3369
0.0996
-1.1908
-0.2516
-0.5453
0.1148
-1.2860
0.1181
0.0949
-0.0220
-1.7079
-1.7267
3.9569
-3.8023
3.8633
-3.0466
1.4858
2.0589
-1.6351
-1.7252
0.3348
-1.3739
0.1398
2.2657
-0.4292
0.3668
-2.3616
4.2814
-2.9303
-1.3702
-1.5397
-2.3381
-1.0356
-2.3115
-0.9920
-0.0217
-1.8398
0.1551
-1.3837
-1.9938
1.3944
0.5058
-0.0734
1.9223
-0.1682
0.5153
-0.0520
1.2829
0.3659
-0.1013
-0.9323
2.4214
-0.6620
-1.0427
-0.7015
-1.4181
-1.4025
1.2836
-1.1638
2.5802
-0.1545
0.8641
2.2068
-1.2420
1.7834
-1.5089
-0.0866
-1.1852
-1.8205
-0.5038
-0.0475
-1.7856
-1.2422
-1.3090
-0.2164
-0.4065
-0.8866
-0.2295
-0.1031
0.1250
-0.1066
1.4905
-0.9347
-4.1001
0.1852
-0.4321
0.8508
-0.0284
-0.3104
-0.1709
-0.7307
0.5435
0.4546
-1.5134
1.5237
0.4459
-4.5590
-1.1867
-1.2435
-2.5416
0.2548
-0.9086
-1.0261
1.4574
-0.5273
-2.4438
-1.9114
-2.0430
-2.0093
-1.3675
-1.9851
0.8286
-1.9189
-5.0353
0.0764
-1.0847
0.4969
0.8072
-0.4664
-1.8653
0.4202
-0.0251
-6.0263
0.7474
-2.5684
3.3635
-0.8313
-0.5628
-3.1204
2.8353
-4.5925
-1.1136
1.0357
1.5381
-0.3560
-0.3152
-3.1872
-3.9611
0.4623
-3.4763
-1.8438
1.4652
-3.4769
-3.9851
-2.5139
-0.5640
-0.2370
5.9457
0.1698
0.3573
-0.7506
-0.2665
-0.4844
4.3621
-0.1160
-0.3111
-1.0100
-0.6397
3.9259
-0.0380
-0.3737
-1.3867
1.6550
-0.5586
-0.0974
-0.6393
-1.1486
-0.4877
1.8868
-0.1282
1.9078
-0.1742
-0.1693
0.0326
0.1462
0.2419
-0.0595
0.2758
0.3876
-0.0768
-0.1317
-0.0153
1.0158
-0.3221
0.3619
0.0578
-0.0342
-0.1512
0.1004
0.1742
-0.1724
0.1284
0.1366
-0.8355
-0.2536
-2.1899
-0.7841
2.3218
0.9622
0.9956
-1.7177
0.2205
-1.1065
0.3647
-0.6964
0.8525
-0.6781
1.6500
0.0937
-0.0652
-0.2321
0.1725
-1.8023
-2.3458
2.7749
-2.3950
0.5868
1.0410
-1.7277
-0.5304
0.3953
1.7397
-0.8629
-1.1644
-1.9426
-0.8685
-3.7655
-1.3206
1.3986
-0.4811
-6.0282
-0.1453
-0.7551
-0.0790
1.4806
-1.5946
-1.3492
1.3824
-1.8461
-2.2980
-1.1511
-2.1936
-2.0096
1.3178
-2.6232
-0.6986
-1.6717
1.6463
-2.6892
-1.9681
1.6039
-0.2163
-0.7064
-1.6796
0.5023
-0.2510
3.7893
1.7163
-0.3764
-2.7750
2.2088
-1.3992
2.4983
-1.0769
-1.3027
-1.5889
-0.2411
-0.3155
0.4218
-0.1448
-2.1187
0.5967
0.4469
0.0283
-0.9671
-1.3537
-0.1859
-0.6369
1.2569
0.1143
-0.6857
-0.8196
0.5509
-0.6177
-0.2869
0.1541
0.7460
0.7310
-0.3381
0.0139
-0.8441
-1.0326
-0.1813
-0.2590
-0.3598
0.1507
-0.3536
-0.0149
0.1493
0.0177
-0.0260
0.2236
-0.0522
-0.0453
0.0141
0.6168
-2.1480
0.8765
2.7936
0.8120
-1.1288
-0.7880
-1.0262
0.4098
-0.2372
-1.5546
0.2696
-0.8900
-3.2043
2.5804
-0.1840
0.4013
-1.5452
1.4570
-1.0430
-2.0187
-0.0016
-0.3261
-2.8678
-0.5423
-0.1470
-1.8528
-0.1148
-0.2772
0.1121
0.4293
0.2180
2.1739
-1.7066
-1.4279
-1.7659
1.8114
-2.2336
-4.4644
-0.2051
-0.0359
-3.3135
-0.4541
-0.2209
-1.3041
-0.2797
-1.6040
5.1352
0.2093
-0.8908
-2.2839
-0.3373
0.9518
-1.3154
-1.6932
-3.9826
-0.6310
-1.8750
-0.7788
0.2314
-0.1078
0.0466
-1.6674
-1.0748
-0.5410
3.4319
-0.5208
4.7722
-0.8377
-0.9537
-0.6674
-1.8643
-0.1971
1.7581
-1.5520
0.1018
0.7672
-0.2562
0.2518
0.1487
0.0683
-0.4382
-0.9005
-0.8903
-0.7230
0.2218
0.2270
-0.3592
2.2853
-0.3905
-0.1656
-0.6860
-0.1512
0.2009
0.5219
-0.4342
0.5938
-0.8706
-0.1153
-1.1380
-0.0787
-0.1511
-0.7567
-0.2349
1.1229
0.0493
0.1033
0.1493
-0.0451
0.0185
-0.0438
0.0200
0.6936
-0.6704
-0.2956
-0.4100
2.6477
-0.4159
-0.3729
-0.6014
-3.5634
-0.7487
0.2490
-0.0185
0.4335
1.0780
-1.7250
-4.7508
-0.8177
-2.8303
-2.6519
-0.5668
1.7624
-1.4510
1.7858
0.6467
-1.7811
-0.8290
-1.8891
0.1070
-4.2021
-0.5612
0.0831
0.9248
0.8344
-1.1796
-2.8400
-2.1354
1.2176
-0.8123
1.0197
0.5783
-0.0816
-2.2141
-4.5620
-3.1280
0.0227
-0.2954
-1.1237
6.1736
3.9108
-0.4536
1.1718
-2.0676
-1.9883
-0.8748
0.6588
-0.4557
-2.4822
1.8066
-2.0994
0.1032
-1.4625
-1.4610
-1.4409
-0.6987
-0.4094
1.4381
-2.1043
-0.2880
0.9093
0.5041
-0.6056
-0.2114
-1.8867
-0.2798
-0.3859
-1.0858
0.1334
0.3341
-0.4565
0.1168
-0.7541
-0.1494
-0.0842
-0.1859
-0.2521
-0.2211
0.7377
-0.0861
0.2034
-0.2100
0.2196
0.2623
-0.0315
0.3799
-0.2105
-0.1338
0.1895
-0.2142
0.0639
-0.1360
-0.1719
-0.4239
-0.4058
-0.1698
-0.1774
0.1150
0.0785
0.0199
0.0620
0.0342
-0.1149
0.0005
2.2146
-2.8214
-0.8882
-1.0505
1.7519
-0.2711
-0.7915
-2.2765
-1.9861
0.3648
-1.0705
-1.0867
0.6375
-1.2019
1.8331
-1.4268
-0.0767
-1.1032
-1.9968
-0.8293
0.2776
0.6080
-1.4177
0.1140
-2.5765
-0.0027
-0.5108
-4.2713
-0.0027
1.9357
0.4168
-1.9742
1.9199
-4.6441
-0.3867
1.1165
0.7623
-2.7487
-2.4147
-2.5334
0.1879
-1.1728
-2.4880
-2.1195
-2.2196
3.5848
-2.8765
0.4543
3.9957
-3.2792
-0.7835
-2.2687
-3.0927
2.7861
-2.4539
-2.6058
-0.6821
-1.9524
-1.5910
-0.2368
-0.7987
-1.0203
0.5136
2.2393
-2.1152
3.4277
-0.1725
0.9421
-1.9529
-0.8098
-0.9182
0.5950
0.2224
0.2954
-1.8130
-0.2295
-1.7647
0.1264
-0.9453
-1.1226
-0.3113
-0.7590
0.9449
-2.0544
-1.4262
-0.7444
3.1599
-0.4062
-0.7971
4.0855
0.5131
-0.1828
1.9468
3.0697
-0.4239
-0.8379
0.1330
0.9439
0.9727
-0.3126
-1.2792
0.1863
-1.0100
-0.0198
2.2551
-0.0426
-0.0995
0.2649
-0.1012
-0.2307
0.0487
-0.0348
-0.8238
-3.2015
-1.5104
-3.5221
2.2635
-0.7989
-1.8962
1.1508
-0.6718
0.3458
-1.4830
-1.7863
0.4390
0.4786
0.1819
-3.1592
-1.2530
-1.8176
-1.5922
0.4683
-3.5785
0.7217
0.1589
-0.3801
-0.9885
-1.8697
-3.4394
-1.7563
2.4809
2.3428
-0.8551
-0.2591
-1.9416
-1.3585
-0.5312
-0.0889
0.1833
0.1234
-3.8085
4.2242
0.3208
-4.0406
-1.2656
-3.3708
-2.8472
1.9829
3.3206
-0.3688
-2.8732
1.4026
-2.0544
-2.8010
-1.8912
1.1816
0.7788
-0.0775
-0.5522
2.4428
0.3431
-1.0916
3.9929
-0.9388
0.8287
0.4441
-0.5887
-0.9937
-0.0492
-1.8844
-0.2987
0.2770
-0.1940
-0.0311
-0.5397
-0.8683
1.7323
0.7833
-0.2262
-0.2608
0.3380
0.3174
0.2183
-1.1793
0.7798
-0.5202
0.2098
-0.9996
0.1908
0.1314
-0.8245
-0.4255
0.7942
0.4157
-0.1790
-0.2030
-0.0439
-0.3355
0.3111
-0.1106
-0.7398
-0.4178
0.0408
0.0285
-0.3329
-0.3792
0.0690
-0.0513
0.0430
0.0204
-0.1371
-0.1077
-0.0493
0.1886
1.4469
-0.5788
-1.7685
-1.2112
-2.7415
-0.8767
-2.9475
-0.7273
3.1781
-2.9253
-1.5997
-1.4183
0.3587
1.9996
-0.7458
-0.2263
1.0333
-2.5828
-2.5138
-0.1640
-2.3182
1.1885
1.4937
0.2386
-0.9120
2.3962
-3.7538
-0.4340
-2.9682
2.3164
0.7565
0.9305
-0.2911
-0.6424
-1.1525
-0.9311
-2.8159
-3.8012
-0.0503
-0.7751
-0.0721
-5.9382
-5.7404
2.2502
-0.9481
-1.7680
1.4391
-1.8133
-6.4972
2.7947
-1.9097
0.9865
-2.6986
-3.1201
-1.5251
3.4748
0.9615
-0.9324
0.2995
0.3668
-1.0636
-3.4713
1.1269
-1.3827
-2.7500
0.9979
-1.7488
0.8663
-1.3100
-2.8717
-2.2354
0.9222
-1.6340
-2.6915
-0.8642
1.3640
0.3695
-1.7487
0.2400
-1.1412
1.9743
-1.3470
-0.9082
-1.3318
-1.0991
-0.5187
2.2286
-2.5987
-1.2758
2.9739
-1.2234
-1.2896
0.6946
0.9816
1.0385
-1.8802
2.3319
-0.8242
-1.8982
-1.5264
-0.6236
-0.5090
-2.4928
0.5580
0.9222
0.0557
0.4188
0.2478
0.1681
0.3208
0.1131
0.1585
0.0758
1.0145
0.5260
-0.6303
-0.6818
1.3188
-0.7299
1.1643
0.9883
0.0007
0.9396
-0.4407
0.9318
1.4188
1.0012
0.0618
2.4787
-0.3802
-1.1304
0.5223
0.8929
1.3771
-0.4503
0.0519
0.9816
0.4157
0.0723
0.3243
-0.2390
0.8208
-0.3318
-0.2655
-2.0447
0.0671
-0.3490
0.5002
0.8388
-0.7764
-1.6612
-0.9020
-0.3908
-3.4816
-3.2717
1.3159
-5.0552
-4.3729
-0.9607
1.3548
-5.7416
-3.4007
4.7034
1.3631
3.2063
-3.5689
4.1520
1.9679
0.8208
1.4227
-0.3436
0.3448
1.4807
-1.8155
3.1267
5.5726
-2.7988
-3.4004
-1.4693
4.7082
-3.6488
-2.0712
-3.2078
-1.3333
-1.2467
-1.9681
-0.3602
-0.6008
-2.0890
-0.7151
2.6583
-0.0791
0.7705
-1.6350
-2.9582
-1.5211
-0.3695
0.3086
-0.0301
-2.4740
-0.0954
3.3512
0.0999
0.2905
0.3044
2.8545
-2.4081
0.3501
0.2877
1.1447
-2.2468
1.1760
0.7954
-0.6724
-2.5473
-0.1659
0.5575
-0.6384
-1.0579
0.3496
-0.2356
0.0265
0.0049
-0.1055
0.2431
0.1086
0.1332
1.2743
-0.2057
-0.6684
1.3632
-2.4949
-0.1181
-0.0848
-0.3958
0.4629
-2.8882
0.2928
-1.3436
-1.2351
-1.2033
-0.8185
-3.1166
-1.0773
-0.4553
-1.0110
0.9595
1.3990
2.9229
0.1835
0.5401
-4.8038
-2.5835
-0.9407
-0.4213
2.7205
-1.3193
1.4613
0.5434
-2.3518
-0.3002
0.1320
-1.5034
0.0078
-0.2891
5.0096
-5.0320
-3.9426
0.9946
-1.6192
-3.0744
-0.4062
0.4725
2.8287
-4.3212
-0.2311
1.2064
-2.1151
-2.4377
-0.8315
-1.8757
-0.0396
-0.6406
-1.8873
1.7229
2.7571
-3.5081
0.1945
-0.9540
-2.6672
-0.5348
-2.5368
-1.9983
5.1519
-0.3515
-1.1520
-1.1609
-1.5407
-0.8864
-0.6536
-0.5490
-1.1613
-0.6203
-1.1109
-0.5357
-0.0375
-0.5570
-0.3384
-1.0722
0.5967
0.8051
0.0228
0.1794
-0.1760
-0.7613
-0.1126
-0.5215
-0.7435
-1.0407
0.3924
-0.3551
-1.4220
0.0915
-0.2758
-0.5997
-0.3738
-0.2851
-0.8040
-0.1181
-0.0098
-0.1726
0.0304
0.0874
0.0002
-0.0092
0.0290
0.2271
-0.3068
1.3810
-1.7271
0.2067
-1.4183
-0.1580
-0.7035
2.8423
-0.1950
0.3627
-1.1709
-0.5651
-0.6939
0.3140
-0.4512
-0.5817
-0.3636
-1.1544
-0.7561
0.5640
-1.8295
-1.6831
-3.4220
0.4408
1.7555
-2.0766
0.9929
-1.2147
-0.7166
1.0593
-0.4429
1.7905
-3.7162
1.5903
-0.3910
-0.9582
-1.4075
-1.3502
-0.6645
-0.0151
-5.4972
0.4177
-1.2980
-0.1939
0.1490
-2.0418
-0.7680
3.3564
-4.7095
-1.1621
-1.0624
-1.6924
-0.5524
4.0044
0.5321
-3.1602
0.6834
-3.9444
-1.8501
-2.1513
-0.3558
-2.1315
-1.0427
-2.9267
-0.8770
-0.5203
-0.3206
-1.9758
-3.7241
2.8163
-0.9539
-2.9665
0.4634
2.2862
0.6019
-1.6219
-1.8243
-1.5441
1.3551
0.1775
2.9430
1.8036
1.6764
-0.8231
0.1731
-1.1057
-2.0689
1.2523
-1.6499
-0.3193
0.2444
-1.5202
-1.4416
-0.6517
2.6804
0.8585
0.6819
0.8295
-0.3325
-0.6791
0.3216
-1.4284
-0.7488
0.3023
-0.1280
-0.1461
0.0642
0.0962
0.1372
-0.1473
-0.0154
-3.4165
0.2368
-0.6337
-0.8131
0.3059
-0.0474
-0.6638
-1.1272
-3.4088
0.1897
0.6222
-0.6683
-1.0987
1.1290
-1.3495
0.6528
-0.0884
-0.6150
-0.4347
-0.4552
1.5387
-1.0237
-0.0681
-2.1701
1.0764
-0.7294
-0.2613
0.9161
0.3970
2.1858
-0.3410
-0.5601
-5.1537
1.0170
0.7993
0.5982
0.7984
-2.0204
0.0349
-1.1562
-0.1613
-1.0805
4.9125
-0.1434
1.0847
-0.7421
-2.2026
0.1911
-1.3060
0.7069
-0.8009
-1.1632
-1.3555
-0.2872
-1.1625
2.5060
-1.0540
-0.0576
-0.9952
0.3459
-0.1200
-1.3499
1.2003
-1.2513
-1.5012
-0.0089
-0.2739
-0.8610
-1.2041
0.7692
-2.0663
-1.8327
-0.9867
-1.1427
-1.0633
0.3896
-0.4064
-0.3451
-0.7715
1.8808
0.1808
3.2998
-0.1613
-0.5146
-0.1121
0.0468
-0.8050
0.3460
-0.4702
1.4282
-0.8265
-0.6185
-1.0520
1.2197
-0.3982
-0.3139
-0.0817
-0.1359
-0.2670
-0.3934
-1.1139
0.2333
-0.5226
-0.1745
-0.1806
0.0850
0.2415
-0.3844
-0.2461
-0.0999
-0.0715
0.0709
0.0862
-0.3779
-4.3005
-3.3779
0.1871
0.8820
-3.7844
-1.9106
1.3619
-0.8886
-1.1692
0.8904
-0.2193
-2.5183
-1.5732
-0.4132
-2.2422
-2.8314
-0.7554
-0.7799
0.6880
-0.1895
-2.0960
1.2068
-3.1522
-2.6995
-1.5461
-2.2914
0.0541
0.0448
0.2685
0.3129
-1.2951
-1.3156
0.4516
-0.7089
0.2918
-0.2788
2.3183
0.3826
-0.0978
-0.9050
1.2539
-3.2905
-1.5515
-0.1646
-1.6644
-2.2997
-2.1386
-1.6034
-2.5648
-0.7849
4.5362
3.7015
-1.0943
1.7110
-0.5941
0.9046
-0.6376
-1.5912
-0.8704
0.1136
1.2153
-2.4085
-1.8756
0.4129
-0.4154
-1.5722
-1.7291
0.3316
2.4808
-0.9353
-0.1014
-0.8106
-0.1402
-0.1714
-1.0350
-0.1057
0.5116
0.7713
-0.2649
0.8146
-0.1419
0.7810
0.4194
-0.9632
0.2369
-0.4715
-0.4379
4.3675
-0.3980
1.7838
0.0547
0.1095
1.2226
0.1198
-1.1363
0.1066
-0.0479
0.4509
0.1285
-0.0888
0.5757
1.0396
-0.0445
-0.0818
-0.2868
0.2589
0.2368
-0.0108
0.0265
-0.1747
-1.3341
-0.7047
-4.1382
-1.1922
-0.8175
-1.4105
0.5755
-0.1734
-2.9509
-1.1602
-0.6949
-0.3988
-3.0821
-1.6421
-0.0918
-3.6418
-2.7466
-0.7310
0.2772
0.5787
-1.1851
-0.9713
0.4887
0.8015
-2.3429
-1.4566
-3.1293
-1.0343
-0.4541
-2.5051
-2.7309
-0.1508
0.3397
-0.6695
1.7428
1.0942
-2.3675
-1.0515
1.9078
-0.7918
0.1139
-2.0618
-0.1995
-2.2274
-1.3634
-3.3585
-2.7125
1.5027
-2.9902
-1.6086
2.6454
5.4062
1.7076
-2.6919
-2.8570
4.0693
1.8202
0.5237
2.9509
-1.2818
0.6888
2.5642
-0.9405
-1.5158
-2.3588
-1.6155
-0.4764
-1.5600
1.2221
-1.5038
-1.7790
-1.9486
-0.4440
0.0878
-0.4976
0.8368
-0.4713
-0.2310
0.9663
0.3738
0.9271
-0.9370
-1.0035
-1.2790
-1.3527
0.5294
-2.1594
-1.1775
1.9792
-0.6910
4.1933
1.4510
-1.5221
-0.3709
2.7176
1.7039
2.4686
-0.6098
0.4486
-0.3995
1.5137
0.1975
-1.0355
-0.2104
-0.6506
0.2201
0.0420
-0.3772
0.1543
0.2083
0.2054
0.0111
-0.5054
0.4180
-0.5567
0.3456
-0.0239
0.6369
-1.1547
-3.8415
1.1978
-0.0359
-0.6657
1.0923
0.4068
2.2297
-1.6591
-1.4316
2.1084
-0.0798
-0.8792
1.7326
-2.0175
-3.0261
0.2342
1.6208
1.2998
-0.8084
-4.2682
-2.0994
0.3266
-0.5595
-0.8188
-1.9524
0.7605
0.0588
-0.9645
-0.5707
-2.2550
-1.0699
-2.4357
0.1120
0.0712
-1.0958
-2.9319
-1.5208
0.4400
-2.1991
0.8672
-0.0478
-1.7313
-3.0126
0.2082
-0.0243
1.0152
-0.9973
2.5511
-3.2186
-0.6179
-1.4206
-2.6974
-2.0451
3.7768
-0.1831
-2.8025
0.9513
-1.8850
3.5889
-0.3511
1.3912
-0.4093
-0.3330
2.3768
-0.1494
-0.1161
-0.1497
4.0060
-0.1678
-1.5239
-0.1840
-0.1324
0.0375
0.1085
-0.7329
0.2579
-1.3963
-1.0618
0.0599
1.4899
-0.9790
-0.9252
-0.9760
0.1771
-0.7852
0.3782
-1.8307
0.9731
0.6635
1.5291
0.7752
-1.0112
-0.3901
0.5563
-0.0454
-0.2258
0.7366
0.5619
0.1738
0.4743
0.4870
-0.0686
0.0733
-0.0231
0.2568
-2.4088
0.8064
-0.3734
1.6432
0.3942
-0.6558
0.5112
-0.4974
0.7092
-2.3291
0.9260
1.5913
0.5095
1.0971
0.0838
-2.8601
-2.7800
-0.9255
-4.7354
1.1361
-1.1057
-2.7190
-1.7061
-1.9324
0.0784
2.2647
-3.1757
0.2128
-0.7803
0.2003
0.0855
-3.1917
-2.4249
-1.4342
-3.4256
2.8628
-0.6822
-0.4245
0.5750
0.7698
0.4900
-3.3751
-1.3344
-1.9753
1.7676
-3.9269
-0.9115
-1.7798
-3.2166
-2.6330
-4.6634
-3.2981
-0.7732
-2.4968
-1.7869
-1.2665
6.6056
-3.1411
-3.4967
-2.7928
-3.2356
6.1255
-1.5897
-1.9742
-0.6105
-1.8180
6.8139
-2.6019
-1.0767
1.0907
0.4254
-0.6903
5.5316
0.5416
-0.9780
3.0413
-1.0393
5.3134
-0.0192
-0.9244
3.7479
-0.3237
-0.8620
0.3202
-0.9122
-0.7438
-1.4178
1.0481
-1.0907
-0.5496
-1.2008
-0.2423
-0.1728
0.2962
0.9062
0.1992
1.8555
-1.1870
0.0227
-0.1325
0.1264
0.5346
-0.3353
-0.3540
-0.3248
-0.0969
0.2749
0.0877
0.8353
-0.1013
-0.1114
-0.1376
-2.1518
0.5781
-1.8436
0.0589
-0.2103
0.2782
-0.3791
-1.9416
-1.2747
-0.8708
-0.8234
1.0466
-0.7095
-2.8056
0.5960
-0.1540
-1.8231
-1.6721
1.3605
-0.7291
1.3249
1.8502
1.9319
1.3120
0.6800
-0.7329
-0.3145
-0.8020
-0.2484
-0.7834
-2.3643
-0.2705
1.5147
-0.2522
0.0744
-1.2086
0.1002
-1.0667
-1.5583
-0.7460
-0.2967
-3.3273
0.6232
-1.1858
-2.0406
-2.9729
3.2048
-2.7856
-1.9885
-4.4735
-0.1565
-1.5109
0.1918
-2.9595
-1.1026
2.9936
-1.4306
6.9413
-3.2221
2.1447
3.1427
-0.7075
-0.9084
-2.2800
-1.9835
0.6372
0.3911
8.9658
-1.3196
-1.3500
-1.8276
-0.5598
-0.1049
1.5658
0.8353
-0.8473
0.2453
0.0396
0.3560
-0.7295
-0.7975
-1.3394
-1.0571
2.1787
-0.6996
2.1241
2.1744
-1.2801
-1.5334
1.7232
-0.1624
-0.2726
-0.7799
0.3902
-1.1850
-0.3256
-1.0698
1.7534
-1.0044
-0.3016
0.5087
-0.1621
-1.7346
1.2857
1.0356
-0.3211
-0.4162
-0.0542
-0.1428
-0.0684
0.1657
-0.0944
-1.3675
1.7506
-1.0516
0.9073
1.1934
-1.1998
-1.9108
-0.6347
-2.3711
-2.8680
1.3726
0.1290
0.2486
-4.4396
-2.6076
0.7133
-0.7203
-1.6458
-2.0010
0.7148
-2.6893
0.0784
-3.8603
-1.2340
-1.5769
-1.6389
-2.3251
2.2042
-0.6352
2.1521
-0.4216
-0.7657
-1.2441
-0.1280
-2.2884
-0.5519
-2.0710
-1.7255
1.1581
-0.0578
-0.1280
-3.8689
-0.2993
-1.1694
-1.5139
1.8241
-2.9563
1.3784
-0.4665
2.9820
3.0952
0.7985
-0.4033
-2.0136
-1.5997
3.3136
-1.2312
4.9669
-2.6230
-1.9921
-1.9968
-1.9940
-2.8921
-3.4407
-0.7641
-0.4290
-1.4675
0.6392
-0.4286
-1.6104
-0.6299
-1.1273
-0.4450
-0.2890
-0.2867
-0.0901
-0.3736
-0.9421
0.0118
-0.5077
0.0532
-0.1983
0.9172
-0.2746
0.8939
-0.8524
-1.0297
-0.1606
-0.2324
-0.3361
0.6958
0.7566
-0.1737
0.4391
0.2990
-0.1650
0.0621
-0.8487
0.3600
-0.4170
-0.4018
-0.3096
-0.2816
0.2939
-0.1683
0.0920
-0.1112
0.1101
0.1314
0.0499
0.0205
0.1317
1.0160
1.7288
-0.4043
-1.6802
3.6041
-0.8595
-0.0262
1.0033
-2.6452
-0.3958
0.6442
-1.9457
1.0582
-1.6009
-1.8420
-1.5989
-3.7680
-1.9208
-1.8313
-0.9610
1.8774
-1.2570
-0.3105
-0.4908
-2.1435
-1.0055
-0.6140
-1.8972
1.1339
-1.4367
-1.4818
0.4418
-0.9231
-1.8820
0.2340
1.0447
-2.2151
-3.9123
1.5450
2.2023
0.4681
-9.6894
-0.0935
3.8679
-1.5006
0.2431
0.2089
1.1200
-8.2118
2.1188
0.1211
-0.4220
2.8501
-2.4936
-0.6938
-3.8819
1.0330
0.5864
1.4495
-3.0574
3.5855
-2.6364
2.6852
-2.4059
-0.5152
-0.3099
1.4062
-2.0491
-2.5408
-5.7743
-2.6040
-1.9041
2.2897
-1.4767
-1.3490
0.8062
0.5725
1.6506
0.8776
-0.7970
2.1555
1.0722
-2.4120
-0.8648
0.2471
1.6500
-1.1865
0.6900
-1.0008
-1.4275
0.3593
-0.6707
-0.7248
-0.1548
-0.9309
-0.6329
0.8033
-0.9862
-0.7510
-0.9659
-0.7959
0.8058
0.0192
-1.0424
0.1259
0.1621
0.2442
0.1088
-0.0054
-0.0130
-0.0883
0.2149
-1.1833
-0.5211
-0.5430
-2.5805
0.4976
-0.1696
1.5597
1.4325
2.8064
2.1182
-1.3937
0.6833
0.9222
0.1662
-1.9036
-1.7570
-1.7659
0.4276
2.5217
-0.3805
-1.7691
0.9890
-0.3718
0.0358
-1.5571
4.1208
2.1128
-0.1668
0.6658
0.8926
0.5732
-1.7640
0.0884
-1.7158
0.5292
1.8954
0.4682
-4.1170
-0.5861
-0.2574
-0.5785
-3.9607
5.5173
-3.2429
5.0830
4.1742
-2.8817
-1.5676
1.8794
-4.9763
-0.1545
0.5728
-0.1139
4.1177
-3.7165
0.2419
-2.5295
-1.6765
0.2166
-0.8869
-1.5850
-2.2214
-1.0239
-0.2609
-2.2624
-3.4138
-2.4661
-4.0324
0.9673
-1.2704
-0.7091
-2.4487
-1.5228
-0.9954
-2.8162
-0.4942
-2.3246
-1.6420
-2.1093
-1.5694
0.1459
-0.2189
-1.0704
-0.9765
-1.2273
-0.9844
-0.6666
-1.8147
-1.3223
-1.3883
-1.2336
-0.3820
-1.1045
-0.3451
-1.6662
0.4734
1.2956
-1.0196
0.6299
-1.2111
-0.5502
-1.0982
-1.5135
-1.9586
-0.6966
0.0663
-0.4618
0.4659
-0.2911
0.3231
-0.1662
0.0498
0.7810
0.8364
0.1074
1.1696
0.4884
-0.6358
0.1000
-0.8733
-3.0282
-0.0408
0.0430
1.0206
0.5401
-3.0087
-2.1059
-1.5260
-1.3559
0.0621
-1.4419
0.2740
-2.1761
0.6676
-1.4812
0.1317
0.5541
-1.4941
0.6521
-0.3882
3.1168
-2.8632
-1.3479
1.2603
1.2150
-0.7621
-0.9920
1.0780
-1.9154
-0.8590
1.7428
1.3634
-0.0899
-1.6735
-0.2407
-0.5418
-2.1464
4.6471
-0.7084
-1.8770
-3.2019
-3.2401
1.0409
-1.4635
3.5449
0.2486
-2.2170
-2.1020
-1.5029
0.4690
-2.0186
4.5597
4.0605
-1.3392
-0.9053
-1.5573
-1.9540
1.2596
-1.3613
-0.3112
-1.1230
-1.3192
-1.5345
0.6314
-1.7280
-0.0686
-1.3211
-0.0109
-1.5101
-1.1191
1.9946
2.7453
0.6757
-0.0087
-0.3233
-1.4632
-1.0437
1.2210
2.5239
-1.0302
0.2773
3.4346
-1.2215
-0.3650
-0.4299
2.6662
0.3764
-0.6667
-0.0862
-0.0820
-0.5202
-0.7593
0.6433
-0.1368
-0.7690
-0.2688
1.0471
0.2247
-0.0172
-0.2463
-0.0747
0.1814
0.0613
-0.1166
-1.9401
0.4242
0.8615
2.8174
1.6689
1.3678
-1.0233
-1.3555
1.0609
-1.2876
-0.9134
-1.5504
0.1061
-2.9318
-0.3085
-4.5637
-2.0018
0.3284
-0.0340
-1.2552
3.8855
0.1006
-0.8954
-3.2808
0.5656
0.2195
-0.4332
-1.3095
-1.7630
-0.6337
-0.9003
-2.0931
-0.3192
-0.7479
1.3307
-2.3700
-0.5827
-1.9186
-1.5973
-1.2435
-0.0842
-4.5677
-3.1875
-0.0926
-2.2151
-1.8136
1.2279
1.1670
4.9464
0.6114
-0.0213
-0.1192
-2.5089
2.6000
-0.8267
-0.4350
-2.4524
-0.2702
3.0402
0.0813
0.1011
2.7071
-0.3534
2.4030
0.8797
-0.6766
-2.1650
-0.4098
-1.0157
-1.8021
-1.4444
-1.1053
-2.1803
-0.3506
-0.7111
-0.4625
0.0934
-2.0055
-0.3970
-0.1309
0.8443
-0.3421
-0.6627
-0.7037
-0.4541
0.5160
-0.1038
-0.8033
-0.2879
0.1488
-0.1102
-0.1769
-0.0105
-0.1322
0.1859
-0.6041
-0.0067
-0.6178
-0.2773
-0.3281
-0.0010
0.5204
0.0342
-0.4352
-0.2358
0.0224
-0.0575
-0.0113
-0.0966
0.0545
-0.0282
-0.0579
-0.2288
1.0335
0.5480
-0.7804
1.1518
-0.0832
-1.9306
-2.4006
-2.3911
-1.4271
0.7889
0.8786
-1.0878
-1.2494
1.0651
-0.6972
-3.2868
-1.7364
1.5057
0.9871
-0.0012
-1.0367
0.4797
1.1524
-0.1354
1.5148
0.0210
-0.4235
-0.9002
-3.2961
-1.3928
0.0548
1.0637
-3.5742
-3.2151
0.7324
-0.8431
-1.5312
-1.7500
-0.2703
0.2765
-2.9980
0.1510
-2.5933
-2.1076
-2.1955
-0.5668
0.5954
-2.0533
-0.8065
-3.7349
0.1428
1.1543
-1.4832
0.5779
-2.8959
3.3790
-2.2774
0.2447
0.7573
-1.7607
-0.0849
-2.8154
2.5940
1.7144
-1.6031
-0.5228
-1.4489
3.5822
-0.5802
-0.9948
-0.0849
-0.4567
0.3712
-0.5523
0.5153
-1.4611
-0.1446
0.0394
-0.5951
2.9795
0.2916
0.8755
-1.4355
1.6742
-1.3846
0.1749
1.7780
-0.6469
0.1167
-0.2301
0.2156
-0.0797
-0.4184
-0.5628
-0.2932
1.3141
-0.1632
-0.4717
-0.5379
-0.5768
-0.7775
-0.8855
-1.3453
0.4045
0.9367
0.3849
0.1259
0.1505
0.0444
-0.0103
0.0228
-1.5608
0.8107
-0.7958
2.3010
-3.2496
1.1607
-1.9597
1.3526
-1.8213
-0.1395
1.4678
0.9988
-2.2589
-0.9132
-0.7294
-0.5342
-1.1536
-2.7250
-1.6768
-2.4904
1.2065
-0.8437
0.3420
1.5704
0.6582
-0.5736
-0.2063
-0.3790
-3.1962
-1.1599
-1.2796
-2.1058
0.8098
1.2483
0.5051
-0.6656
1.9942
-1.0100
-1.1249
0.3951
-0.0384
-0.1063
-2.7233
0.6791
3.5356
-1.8687
0.2757
2.1257
0.1946
0.6570
-0.7640
0.7980
-1.8341
-1.6978
0.9237
-0.3714
-0.7556
-1.3837
-2.1201
-2.2092
-1.4892
0.6217
0.6675
-0.4630
-0.6466
1.2814
-1.2062
0.4693
-1.1606
1.8825
0.1643
2.0320
-0.7316
-0.8601
0.5744
0.3155
1.1387
-0.6885
0.3000
-0.8268
0.2083
-1.3276
-0.8718
-0.3896
-0.4328
0.1269
0.4990
-0.6484
-0.6805
-0.9670
-0.2989
-0.3473
-0.0221
-0.3655
0.9331
-0.3968
1.0226
-0.2483
-0.8635
-0.5221
0.5240
-0.1904
-0.2235
-0.5054
0.0101
0.1910
0.2978
0.1636
-0.0125
-0.1047
0.0295
0.0531
-1.5754
1.6418
-0.5263
-0.6444
0.7682
0.1955
-1.8562
-0.2937
-1.3450
-0.6028
1.1385
-2.2266
-0.8815
-1.8481
-1.0589
0.2100
-1.6718
-2.1704
-0.9009
0.7676
-2.2021
0.6179
-3.2619
-0.2059
-3.1878
-1.1203
-1.0705
-2.5196
-0.1000
-0.2306
-0.2586
1.1203
-1.7804
-2.3350
-3.7702
-2.0196
-0.5737
-0.5957
-1.1094
0.9147
-0.1211
-4.2542
1.6058
-2.3256
-0.6195
-2.2695
0.6312
1.5116
-6.0399
-2.4734
2.5824
-0.9621
2.3777
0.7562
-1.4343
-0.7741
-0.7223
-3.5362
-1.7213
3.1302
-1.1298
-1.0978
-0.9089
2.0286
-2.3558
0.1811
-1.3574
-2.1616
-2.0736
-2.4277
-1.7675
-2.5368
-1.1981
4.0085
-2.6137
-0.2272
-2.4619
-1.1488
0.7523
1.8293
-0.1529
0.6550
-2.3349
0.0356
1.4070
4.0277
-1.5110
-2.7265
0.6391
-2.7719
-2.1655
1.8696
1.0129
-1.8820
-0.5467
0.1590
-0.8787
0.0620
-0.6363
-0.9821
-0.3546
-0.4812
-2.1761
-0.1524
-0.7055
-0.1862
-0.7396
-0.2750
-0.3036
-0.0224
0.1441
0.0393
1.1419
1.1366
-2.9925
1.5386
-1.7844
0.1794
-0.0857
2.2149
-0.6358
0.2014
0.1753
1.6684
-1.2439
-2.1046
0.7136
-0.1837
1.2467
-0.6893
-0.9144
1.1997
1.1155
-0.7924
1.6711
-0.3869
-1.4441
-2.3468
-3.6987
-5.6413
1.1203
-1.6017
0.2760
0.5607
-2.9002
-1.3586
2.7024
-3.1965
0.2134
-0.1641
0.6339
-0.4198
0.2092
-2.1352
-5.5432
-1.2487
-7.2460
-3.2526
-3.4134
-2.1509
-4.0283
-1.5515
-1.1279
-1.5565
-2.4691
-0.0857
-2.3639
3.0470
-2.7109
-0.4546
-3.8278
-3.9767
-1.1514
-0.8211
1.8606
0.5755
1.1964
-0.6421
-0.5268
-0.9049
-0.8878
6.1013
-1.3066
-0.4571
-1.1739
1.5145
0.4122
-0.6280
-0.9723
-0.5368
0.6388
0.9035
-0.4325
-1.3934
-1.5994
2.4274
1.3303
1.2252
0.8509
2.2607
2.3755
1.6251
-1.5323
2.1071
0.2129
-2.2717
-3.5338
-0.9857
0.7992
0.4049
0.2902
1.3659
1.1536
-0.3416
0.2867
2.3108
-0.1664
0.2610
0.9550
0.0047
0.1050
0.1179
-0.3859
-0.0156
-0.3332
-2.1517
-0.5763
2.7094
-3.9812
0.1481
0.8751
2.6583
-1.0451
3.4231
-0.7242
-1.0955
-0.9912
-1.9911
-0.7901
-0.4673
-0.1377
0.5684
-0.3546
-0.2286
0.0877
0.0639
0.1430
2.6040
0.2671
-1.8627
-1.2066
-4.6696
0.3582
0.1554
-1.0991
0.6921
1.0730
1.2049
1.4462
-2.7846
-0.3470
-0.8264
0.7669
0.2367
0.1776
-3.0002
1.4202
-2.8771
-0.8771
0.4040
2.0520
1.4573
-3.9491
-2.2962
0.5259
0.2544
2.8742
-1.2439
-2.0748
-3.1755
0.5705
-2.4821
1.0407
-2.3089
-0.8583
2.5506
-2.7305
-2.3738
-2.1738
-0.7978
0.5179
3.8346
1.9459
-0.6789
-2.2431
-0.9251
-0.4885
1.8192
-0.1218
0.4609
-0.6333
0.1277
0.1921
1.4277
0.5536
-0.1011
-0.8467
-2.2356
1.5735
-0.9366
2.4645
-1.3841
0.2989
1.4440
0.2204
0.3369
-0.0235
-0.6586
-1.6732
-1.9907
0.3567
-0.6192
-0.3120
-0.4089
0.3792
-0.2004
-1.1577
0.7585
1.2378
0.2299
-0.1001
-0.2448
0.1187
0.1555
0.2879
-0.0300
-2.1735
-0.8654
-2.2543
-0.7046
1.5723
-0.7355
-2.3064
-2.3270
-0.7590
0.0151
0.0641
-1.1329
1.5590
-3.4596
2.2116
-0.8151
0.1785
0.4857
-2.1311
0.5906
0.5632
2.2450
-1.2199
-2.0131
0.7372
1.7364
-3.5397
-1.2837
-0.5503
-0.7269
-0.5708
-0.3307
2.1310
0.6624
-1.9166
-4.9431
2.8266
-1.8564
0.1521
-0.6225
-0.2323
-3.7189
-4.7968
-1.5644
4.1644
2.0277
-3.1878
-0.3115
2.2717
0.4099
-2.4105
-1.5956
-3.1428
2.6689
-2.1966
0.1306
-1.7327
-0.6912
-2.3524
-1.5316
-0.3611
4.8158
-0.1873
4.7107
-1.1350
-1.6474
-1.8022
-1.1188
2.3423
-1.2064
-0.6179
-0.7112
-0.8462
1.7142
-1.6870
-1.2754
-0.3578
-0.5434
-0.8944
-0.7360
-0.8509
-0.4401
-0.5069
-0.4895
-0.7987
-1.1975
0.9070
-0.0920
-0.2718
-0.9675
-0.3846
-1.2041
0.8969
-0.0764
-0.4218
-0.5715
-0.1113
-0.2501
0.4910
-0.2365
-0.3012
0.2130
0.1806
-0.0561
0.3478
-0.1297
-0.0286
0.0483
-0.2002
0.0231
0.1252
-0.0780
1.5589
-1.0369
-1.9401
-2.9938
-1.0446
0.2184
0.3299
-2.1701
-0.4150
-1.1068
-1.9658
2.0612
-0.6596
-0.6166
-0.9865
-1.7243
2.2591
-4.8333
-0.3927
-2.8760
1.2959
0.8245
3.2132
-5.4444
0.0224
-2.0418
-1.0390
-1.6098
0.1419
0.3977
-0.1456
1.2827
0.7625
-0.6132
2.0364
-0.5886
0.3610
-2.7663
-2.2015
0.5788
0.2747
-5.7562
-2.1891
0.2629
-2.3041
-0.4926
-0.5307
2.5297
-1.3518
-1.8272
-1.5638
-0.6583
3.1388
-2.5914
-0.5861
0.9960
3.9729
-0.7836
-0.3492
1.8102
-3.1675
-1.2048
-2.8322
0.5233
-0.4933
1.4004
0.7223
-2.7581
1.2475
-1.6810
-1.1530
-0.6537
6.3085
1.8976
-0.0744
-0.3719
0.1000
5.4679
-0.3451
1.6146
0.9524
-0.2987
-0.6378
-0.0478
0.9810
-1.4093
-0.0510
-0.1502
-0.2319
-0.2926
0.6303
1.1391
0.2770
0.0956
-0.2155
-0.2339
0.7349
0.5828
0.0347
0.1065
0.6533
-0.4941
-0.7219
0.6549
-0.1681
0.0243
0.2950
-0.1791
-0.1360
0.1085
0.0239
0.0102
1.0610
-0.6488
-0.4528
-0.3034
-1.4090
-2.3848
-0.3896
-1.5678
-2.5281
-1.5761
-0.2084
-1.5705
1.3556
-1.9708
-1.7272
0.0582
1.5225
-2.1023
-2.1403
-1.1031
-2.6060
1.0895
-0.5105
-1.9860
-1.3411
-0.7740
-0.8601
0.5841
0.4823
-0.1436
1.4414
1.8665
0.2843
-3.5871
2.3401
-0.2725
-0.7110
-0.8411
1.2075
0.8387
-0.4834
9.7834
-1.5449
-2.7644
-3.7480
-3.7248
0.5307
-1.7105
0.8824
-2.0911
1.7101
-0.2176
2.0351
-3.4265
0.9494
-1.8638
-2.7821
0.7855
-4.0399
-0.6034
1.3828
-1.0965
-2.1751
-1.9747
0.4745
-0.3766
-1.3666
-0.4841
-2.5026
-1.0889
-2.1318
-3.6118
-0.8500
-0.4820
-0.8070
-1.5662
-0.8992
-0.2234
-0.6255
-1.4676
-1.0973
-2.0734
-1.7375
-0.3629
-0.4135
0.7815
1.8464
-0.7680
-2.1560
-1.6032
-1.3005
-0.9620
-1.5045
-1.3006
-0.4150
-3.0196
-1.1393
-0.4629
-1.0288
0.8363
-0.0973
-0.4814
1.6743
-1.2493
0.9112
0.3196
-0.3481
0.0953
-0.1165
0.0535
-0.0310
-0.0897
-1.2484
-1.2265
1.6330
-1.4720
-1.0290
-1.2724
-1.6043
-1.4001
-1.5249
-2.8232
-0.4438
-2.0247
0.4683
1.4334
-0.5256
-0.7406
2.4638
0.9878
0.8492
1.0304
1.1189
0.5906
-0.0761
-0.0012
-0.2888
-0.2959
-1.4825
-2.8589
1.1258
-0.6605
-0.4549
1.7873
-0.5571
-0.1959
-0.2735
-0.6526
-1.3952
0.0331
-1.4743
1.5824
0.2504
-0.6311
-0.2026
-1.5350
1.9476
1.0321
-4.5294
-1.7745
3.6861
-1.2099
-5.4149
-1.9377
-1.6919
4.6728
-3.6886
-0.6872
-0.5809
-1.6586
-4.2603
-0.9958
-2.4820
6.5129
-2.6360
-3.5543
-3.5207
-2.1423
1.1247
-3.7291
3.1895
-2.1938
4.7711
-1.1429
0.2732
-0.7395
-1.9994
-0.0175
-1.0187
0.5215
1.1021
-1.3059
0.6163
0.8925
1.0059
-1.5695
-1.9048
-0.6097
-1.6388
-1.4223
-1.1294
-2.0136
-2.3497
-1.1324
-0.3683
-0.7164
-2.3835
-0.0509
2.0633
-0.9274
1.2763
0.3947
-0.1356
0.2959
-0.6314
-1.5164
-0.2848
0.3834
0.6637
0.4321
0.4417
-0.0317
-0.0495
0.1205
0.7920
0.8775
-0.8968
0.1355
-0.6170
-0.1357
2.3461
-2.1252
1.7207
-1.0742
0.3813
-1.9724
0.1592
1.3270
2.9606
-2.5392
-2.3715
-0.4847
0.4803
-0.3802
-1.6106
-6.0722
2.7419
3.4876
-1.4040
-3.8521
-3.8584
-2.2420
-2.1031
0.0624
-0.5597
0.3307
-0.5546
-0.0746
-2.5035
0.3487
-0.5669
-0.0910
-0.2928
-0.3821
-0.0328
-2.0388
-2.6470
-0.6819
1.6888
-0.0896
-1.0892
0.7004
0.4467
-2.4935
-1.3864
-0.1511
0.3839
-0.1374
1.1957
-0.5718
-0.2504
-1.9829
-0.2071
-0.3033
0.6251
-0.5609
0.9151
-1.9914
-0.7032
0.3187
1.1583
-0.3197
1.1523
1.2307
-0.0147
-1.9152
-0.0909
0.2095
0.7676
0.1275
-0.5545
0.4587
1.0275
-0.5546
0.2444
-0.2242
1.1567
1.0163
0.5974
0.7246
-0.3662
-0.9850
-0.5673
-0.6801
1.2906
-0.6811
-0.9980
-0.8438
-0.1391
0.4050
0.2151
-0.0250
-0.1745
-0.2419
1.0008
-0.0786
-0.5320
-0.0181
-0.6164
0.0511
0.1501
0.2587
0.0877
0.0083
0.0112
-0.0620
0.1513
-1.2434
-1.6080
0.1021
-0.9515
1.0582
0.8077
-2.2859
-1.5749
0.8636
-2.3530
-0.1912
-0.4332
0.2274
-0.8515
1.4796
-2.9937
-5.2856
-1.6051
0.6720
0.3281
-1.2161
0.9644
-1.1178
-0.0910
0.0556
-2.5071
-3.4371
-1.9222
1.0662
-0.7037
-0.2646
-4.4909
1.0141
1.2648
0.3283
1.6761
-0.7191
-1.3288
0.5292


Weights 1->2:
-0.3730
-0.2204
-0.5129
-0.2243
-0.5508
-0.6695
-0.3643
-0.4242
-0.3297
-0.4283
-1.1327
-0.5548
-0.1988
-0.3011
-0.3736
-1.1385
-0.5014
-1.3467
-0.7631
-0.2628
-0.3040
-0.4564
-0.4273
-0.4067
-0.2097
-0.3071
-0.9323
-1.1170
-0.3720
-0.4457
-0.4038
-0.1874
-0.7698
-1.4212
-0.4744
-0.4528
-0.5487
-2.0459
-0.5071
-0.3168
2.7409
-1.5756
-0.0767
-2.1399
-1.1282
3.7344
3.4562
0.4977
-1.9924
-0.4889
1.0115
0.8543
-2.2877
-2.8264
3.4130
2.3855
0.0616
-1.4789
-0.3345
-0.9711
-3.8117
3.2861
2.5871
1.9005
-2.8356
1.1326
4.9351
0.4457
-0.3498
0.4197
2.7148
2.9120
-0.3434
-1.2342
1.9920
-3.3815
2.2573
-3.7370
3.7486
-0.3665
-1.4193
1.4245
1.3235
2.6226
3.2550
2.1872
-0.0194
-3.4685
1.0525
0.5002
0.2152
-0.1211
2.8463
0.7565
0.3095
2.8240
5.5366
2.1379
0.0349
-2.0959
-1.0031
1.1780
1.6797
-5.1743
3.7672
0.5366
1.0589
1.6415
-0.9456
0.6801
-1.7952
-0.4306
5.0779
-0.8914
2.6111
0.2403
0.9276
0.7123
-4.0466
0.9915
1.2229
1.1985
2.8348
4.0209
1.7066
-0.1236
-3.2378
-2.9635
3.6499
-1.1712
2.5895
1.7773
0.8694
-3.7336
4.1551
-0.8525
-5.3089
0.5886
1.1818
-0.5368
-1.0273
-3.7350
-2.5014
3.2104
1.5021
1.8940
2.7010
1.8078
0.4806
2.6560
0.8237
1.7488
-1.4433
-1.0616
3.3104
1.7205
-0.8352
3.7078
3.2014
-1.5377
0.2816
0.7824
-0.4342
4.6299
2.9054
0.6002
1.9869
-3.0005
0.5157
-0.7931
2.2490
-0.2649
3.0714
0.4810
0.7251
2.0032
4.2959
-0.1890
0.6422
2.9860
-0.2346
0.0276
-0.2244
-1.2261
2.3699
0.7770
-0.0609
1.1842
1.2438
0.3622
-0.2374
0.5781
3.2600
-0.2304
1.4612
-3.9891
1.9480
3.7617
-4.1653
-2.4854
0.9902
0.3530
-1.4691
2.9152
0.5763
0.0448
0.9856
-2.1043
2.5903
1.5203
1.5169
3.0064
1.0688
-1.8090
1.3684
2.6027
6.1017
1.6112
1.0197
-1.0947
0.1593
1.2107
-2.1340
-3.2495
2.9198
-0.6812
-1.9889
0.6989
3.4337
4.1239
-2.2351
3.0550
2.4403
-0.7627
1.5406
1.2316
0.5175
2.2271
-4.4610
1.3603
1.7490
4.5667
0.2991
3.0098
2.4267
0.4895
-1.1032
-2.4871
3.9600
-3.6022
1.8565
-1.7958
0.1316
-2.2093
0.8777
3.1131
2.3513
1.7560
2.9524
1.2183
-2.2878
-0.2746
0.7528
-0.3778
4.3068
3.5649
-0.8888
0.4471
-1.6220
-2.4599
-0.9175
0.6620
-3.3766
-1.7121
-0.5161
-1.7059
-5.2880
1.9769
1.3019
1.0029
-2.0019
2.6849
0.8213
0.5013
0.0678
1.7760
0.3243
-1.4143
-0.5999
2.1512
0.5719
-0.9800
1.0627
2.9408
0.3240
1.5918
-3.9564
1.0580
2.0744
1.4178
1.6800
0.3838
3.3471
-0.3229
-2.4090
2.5426
-1.1919
2.8333
3.5208
2.1051
-0.6115
0.6581
1.0244
-1.6290
0.3824
2.4625
-1.5110
1.6877
0.8712
2.8987
1.7784
-1.2620
0.6548
1.9953
2.5645
0.7117
2.8095
-3.3382
0.7821
0.1935
3.3311
2.0480
0.7373
-1.5866
-0.6069
3.6516
4.0457
0.1036
1.2012
-2.5305
2.1857
0.9532
1.8032
0.5052
1.1423
-0.0660
0.3423
0.2225
1.1739
0.9745
-1.1355
3.3274
3.5218
-1.6626
1.1964
-0.7520
-0.0247
2.4831
-1.9591
1.6640
0.1714
0.0786
2.5630
-2.5880
0.5229
2.7536
1.7854
-3.0247
-2.8671
-1.5524
1.1889
-0.5184
-0.6224
0.9492
-1.8344
1.1685
1.0895
2.0736
2.5321
1.0359
0.7878
0.5186
1.0937
0.8979
-3.2071
-0.0044
2.1239
1.6112
0.0276
3.1839
-2.3470
0.2519
1.4426
-0.8286
0.1238
2.8685
0.8466
2.2848
2.6621
-1.1387
1.3894
0.8152
0.6932
1.9211
3.2367
-1.0486
4.1369
-5.2330
2.1642
1.8613
0.2729
-0.8923
-3.7817
0.9334
0.2950
0.7643
6.8156
2.1060
1.8042
0.8461
-1.1378
0.4411
0.5162
1.3382
3.5313
-0.1270
-0.0392
4.6408
-0.6075
-1.1674
-1.9633
-3.1342
1.4041
-0.6680
-1.4286
0.6125
-4.4365
1.1179
1.6737
-2.6302
1.2811
-0.1337
-0.7994
-1.7068
2.3102
1.1098
-0.3566
-0.5099
-0.2799
1.2232
0.4428
3.9618
-2.1058
0.1755
-1.5857
-3.3275
-0.9704
2.9958
1.1179
2.8162
-0.8596
1.4151
2.6083
1.6779
-2.8180
3.4022
1.3537
3.5868
-0.9590
1.3300
-1.2287
-3.1973
0.8630
-1.2633
-4.0191
1.6796
2.0653
0.7165
1.2503
0.7892
-0.2334
4.3470
-2.4268
1.0353
2.4235
0.3558
0.7267
-0.0559
-2.4658
-0.1880
1.1018
1.3049
-0.4333
1.4138
-1.4698
0.8189
4.5968
2.8812
2.0582
-1.3422
5.7695
0.4329
2.4898
-0.5458
1.8020
0.5253
1.6116
3.6144
0.0850
0.8717
-1.6504
-0.6024
0.4982
-0.6779
-0.9842
1.6440
-2.0181
0.2715
0.9447
0.1373
-0.8194
1.1387
-0.2246
2.4007
-1.8825
-4.5085
2.5661
0.2305
0.2469
4.7668
1.5536
1.2263
1.3403
5.2920
-2.9178
3.4450
5.4107
0.7344
0.5825
-0.6024
-0.9435
0.3807
-1.5852
-0.7525
3.3350
-0.0889
-0.3505
-0.8731
4.0658
-1.1589
-1.1551
2.1237
2.0250
-1.4945
1.5006
2.4715
-0.6384
1.1542
-2.1790
-1.5469
1.2530
0.6741
-2.7867
2.0887
-2.1556
-0.9619
2.2649
-1.5252
3.6268
1.6393
0.2588
-0.0977
-1.6756
-1.1163
0.3101
-0.4843
1.5410
1.7044
-0.7443
1.7837
0.8035
-0.8579
-1.5040
-1.5850
-0.2738
-2.7642
2.8774
1.0500
0.1012
-0.6551
1.2614
4.5875
1.0840
-0.8769
-0.3285
4.1167
1.6866
2.5263
-1.6624
-1.1426
-2.5144
-1.3438
2.5747
-1.7230
3.5662
-4.7263
2.3105
-1.2514
-3.3199
-0.6850
-0.6317
2.0939
3.6604
1.0415
0.3914
-0.7194
-2.9473
2.0327
1.3500
-0.3358
1.6604
3.9433
-2.5360
0.5167
-1.5813
2.3377
1.1119
4.3920
-1.3793
-2.5707
-2.4803
0.4016
-0.4264
-0.6735
-1.2442
-0.9758
0.3604
1.4903
0.7529
1.2063
1.7969
-0.3990
-0.0708
-1.8542
-0.9211
3.7490
0.0321
0.3118
-1.9160
-0.1680
0.7219
-0.3039
-0.0073
0.2773
2.0965
1.9887
-0.8571
-0.2084
0.2733
-0.4744
-1.2357
1.6797
0.0346
-0.9919
-0.7842
-0.1704
3.8351
0.1275
0.3041
1.3164
1.2716
1.2799
1.3111
-1.8900
1.3854
-0.5426
-0.0466
-2.4676
1.0982
-0.4789
0.3261
3.1375
1.9660
0.9124
-0.7705
0.3517
-2.4068
-1.6173
0.0902
-0.3652
0.3139
2.0434
2.9996
-3.8083
0.7541
-0.0460
-2.5312
2.3736
0.5908
0.9413
-0.5832
0.5895
-2.1453
-1.8717
1.8148
0.1982
0.5015
3.6600
0.9907
3.4652
-2.9124
-0.3037
0.5714
0.8235
-1.7586
3.3415
-0.3370
1.2703
0.4442
-1.8479
-1.8546
-3.3913
-0.0750
-1.1337
2.0877
-0.6069
-0.4747
-2.0118
-0.5382
4.0099
4.9277
2.6798
-0.7372
1.0103
0.3643
1.7096
4.2954
-1.6323
-1.7551
2.6841
-2.8253
0.3500
0.0219
0.3731
-0.5953
-0.1908
0.8082
0.6980
2.7336
0.2973
-0.8228
-0.8365
2.8120
-1.6511
0.4481
-0.8594
3.1347
2.4010
0.8834
0.0616
-2.0188
2.2808
2.3686
0.9108
1.7264
-0.7849
3.1500
0.8866
0.5609
0.6513
1.1996
0.2523
-0.1589
-0.0339
-3.8753
1.0475
0.6208
1.7722
1.0401
-1.3826
-0.1878
-1.7476
-0.9947
-0.4076
0.1803
1.7502
-0.2212
3.5106
0.3236
0.1073
-1.9411
-0.4874
-1.2154
-0.2529
1.6764
0.8690
0.8181
1.5146
0.7147
0.2940
1.1309
-0.2126
-0.4923
0.7154
1.8156
0.7632
-2.9954
-2.7475
2.7489
2.2773
0.4189
-0.0019
0.5285
2.6367
2.6732
-1.1271
-4.1962
1.6934
0.1326
0.6858
1.2097
1.5249
2.6284
-0.9471
-0.9184
-2.1478
0.5600
1.5343
3.0081
0.6003
2.0397
0.3570
0.8410
-2.2426
-1.2285
0.3798
0.6173
1.6673
1.0516
2.1431
1.5593
0.0044
0.0301
0.1215
-3.2833
2.9505
1.0157
1.0363
0.5308
1.1910
-4.3960
-3.3602
4.8129
-0.5551
-1.0194
1.2894
-0.3660
-1.8494
-2.1630
-2.1288
-2.6012
1.2415
0.1913
3.6838
-1.5885
-1.5284
3.4422
-0.2020
-1.9670
-2.4905
1.9922
0.1724
-1.4851
-0.4082
2.3971
-2.7445
3.0474
-1.8184
3.0179
0.5275
-2.5022
1.7047
3.5667
1.5814
0.1792
0.5806
0.6592
-1.7536
-0.4099
-0.7781
0.8841
1.1819
-1.0866
1.5611
-0.5286
2.3862
-1.9156
1.2915
-0.5532
-0.5185
3.4605
-1.2461
-2.1103
0.4679
1.3131
-0.7698
0.2418
3.8701
2.0432
1.1204
-2.6610
-0.0155
0.0825
0.0075
-0.0410
0.0630
-1.0578
1.4585
-0.7854
2.5648
0.0214
-1.1554
2.8394
-1.9649
1.4931
1.3337
-1.4567
-1.0426
-1.1082
0.2634
1.8086
0.1855
-0.8945
0.5729
0.1591
1.6076
-1.1956
1.3560
-0.6214
0.5192
0.9022
-0.8880
1.3657
-0.4551
-1.2745
-2.6369
-1.2623
1.9773
2.8020
2.5406
2.2532
2.4088
0.3418
-0.6439
-1.7525
1.5181
-0.2851
1.7019
-0.0143
-1.0353
-0.6740
-0.7125
-1.5291
-0.7339
-1.7336
0.1044
0.3026
-2.2105
-0.9559
-0.3478
-1.2649
-1.3444
-0.9892
-1.1451
-0.6007
-1.9321
-0.8971
-4.2248
-0.7841
0.5520
-0.0288
-0.7854
-0.7719
0.3420
-1.0921
-1.1368
-0.6868
-0.9589
-0.9650
-0.9245
-2.9870
0.2396
-1.4134
2.6050
-0.9709
-1.3864
-1.2763
4.7458
-1.3370
-0.9628
2.9182
-2.2979
-0.8133
0.3496
1.2711
-2.4683
-1.0400
1.5314
0.5845
3.2570
0.2878
2.7549
1.1990
-0.8435
-1.0211
-0.0824
-2.3140
2.8194
-0.6336
1.7329
0.8557
-1.3914
-0.6751
-2.9081
2.1598
6.0048
0.0935
1.6165
-4.4421
-3.6721
-0.8969
-0.1788
-1.0638
-3.1681
0.5284
4.4150
-0.2747
-0.2655
-0.2603
-0.4800
0.6797
-0.2409
0.1382
-1.2223
-1.0209
3.6108
0.1672
1.2961
-0.8659
0.0443
-0.1973
-0.2698
0.4218
0.2719
0.4562
1.4673
-0.4917
-0.4385
-0.2293
-0.1908
-0.4652
2.1167
-0.1910
-0.6977
-0.8312
-0.5591
3.6460
0.1138
0.0899
1.2523
0.2608
0.6196
-0.9472
-1.6190
0.9682
0.1938
-0.3618
-2.7947
-1.1080
0.1436
-0.0164
-1.1498
-0.0931
0.7334
3.5465
-2.5638
0.3835
-0.2334
1.5878
-0.7844
0.9293
1.2535
-0.3164
0.5188
-2.4018
-2.0559
-0.1866
1.5696
1.2374
4.1186
1.3170
0.5907
-1.0237
2.6829
0.1066
1.4350
1.2871
1.8053
1.6035
-1.6536
-0.8383
-2.5899
1.4894
-2.7387
0.9720
2.0483
1.2059
0.5277
0.4001
0.0724
-0.2630
-0.8371
-0.5497
0.4285
-1.0184
-1.0445
0.1574
1.5216
0.5974
-1.1025
4.1110
-0.5416
-0.1107
0.3780
-0.4159
0.1526
-0.2332
-1.6362
-0.7034
0.7592
0.3579
-0.1950
1.7852
-0.6193
0.3024
-0.4961
-1.7631
-2.2221
-0.1920
-0.4867
1.9626
-0.0988
1.0548
2.1312
0.2986
-1.1287
0.2277
2.0055
-0.6122
0.9519
-0.0609
-1.5032
0.6907
-3.1837
-0.4107
2.9071
-0.4200
0.1536
0.4600
0.2060
1.4363
-0.3493
0.7316
1.0347
1.5106
2.0098
-0.3689
1.4319
0.0965
0.4475
-0.3974
1.1865
0.6759
2.5305
-0.6915
-0.6119
1.7015
0.8008
0.2613
0.9366
0.6365
-0.2324
-0.3320
0.9360
-0.8029
-1.2486
-0.3459
-2.7788
0.0701
0.8861
-0.9232
-1.2367
-1.2121
0.0160
-1.4099
0.0519
-1.9507
2.2542
0.7547
-1.3558
2.8637
-1.0649
-1.3123
-0.9314
0.4908
-2.2430
-0.1307
-1.7178
-1.0510
-0.4422
-0.7829
-0.6933
1.1390
4.2989
0.5578
-0.7739
-1.4279
-3.1574
-0.8292
-0.6995
-0.1853
-1.2157
2.2274
2.0570
0.0170
-0.0157
0.8062
2.3718
1.5158
0.3385
0.5380
0.2016
1.4807
-0.9637
-0.7858
-1.0275
-0.8389
2.5946
-1.0539
-0.5302
1.1000
-0.2111
-0.5250
0.0217
0.3773
-1.0449
-1.0613
-2.4992
-0.4515
-0.9778
1.0235
-0.2417
-0.2009
1.3313
-0.8615
0.2460
-1.3306
-2.2233
-0.5728
-0.4105
1.0667
-1.2530
-1.6255
2.3046
0.0862
0.7706
0.2284
2.7194
1.2702
0.4876
1.0587
0.3936
0.0135
-0.7818
-0.6925
3.0037
-0.0353
-0.3920
-1.4947
0.1699
-0.6918
-0.5137
0.7002
-0.4700
1.7388
1.7189
-0.1333
-0.7701
0.0017
-0.4008
-1.2613
1.1089
0.1636
-0.6065
-0.6772
0.1462
2.6305
-0.0264
0.0239
1.0501
1.3397
0.3165
0.7358
-1.2859
0.5964
0.1009
0.0931
-2.4456
-0.0284
-0.3193
1.0453
2.7604
-0.2419
2.1632
-1.2845
-2.1089
-0.6167
1.0469
2.1612
-0.8410
-1.1278
-0.9625
0.3915
0.5414
-0.8204
-0.4758
-1.2339
0.1793
-0.0083
0.5522
0.4933
-1.6711
0.3665
-1.0696
1.9412
-0.7767
-2.1833
-1.9485
-0.2230
-0.9387
-0.9820
2.6091
-1.7936
4.1938
-0.8166
-1.0033
-0.4671
0.5318
-1.1142
1.9228
-0.1171
0.1237
-0.5047
0.4922
-1.1102
-0.6450
-0.3713
0.2000
0.6003
-0.7261
0.5492
-0.1868
0.0429
0.8297
-0.3807
-1.4862
-0.5948
-0.2359
-0.6871
0.4532
0.0778
-0.3190
0.3184
-0.3896
-0.2111
-0.4692
-1.5621
-1.3608
-0.0963
-0.1174
2.0792
0.3926
-1.3853
2.7050
-0.6111
-0.5491
-0.2339
0.5645
-0.5563
0.5958
0.1741
-0.6078
0.1396
-1.2117
-0.6648
3.5497
0.3987
-0.5709
-0.3043
-0.2049
-0.8204
0.0135
-0.3288
0.0681
0.3067
1.5329
-0.8114
-1.6520
-0.6616
-0.2814
-0.3582
1.5469
-0.3616
-0.5470
-0.7712
-0.1154
2.5298
-0.2047
0.1651
1.3911
0.3379
-0.1320
-1.0801
-2.5331
0.8508
-0.5202
-0.7576
-2.7112
-0.0771
0.0276
-0.2153
0.0226
-0.2274
-1.3808
-0.3966
-0.0168
-0.3577
2.3205
-0.9434
-0.7211
0.0445
-0.7223
0.1295
-0.5727
-0.6189
-0.3028
-1.0103
-1.2960
-0.4203
-0.0141
-0.8757
-0.6109
-0.4510
0.8857
-0.7713
-0.4061
-0.6760
-1.2050
-0.2026
-0.4771
1.4166
-0.3179
-0.6846
2.1296
0.9490
0.0376
-0.1424
1.2235
1.9751
-0.8838
1.4266
-0.4272
0.1148
-0.8735
-0.8490
2.5053
0.6529
0.6811
-0.8295
0.9426
-0.8108
0.2603
0.2730
-0.3308
1.3959
1.7613
-0.4314
-0.8722
-0.4632
-0.4480
-0.8199
1.0337
1.0321
-0.4238
-0.9958
-0.2559
2.1230
0.1793
-0.4472
0.8967
0.7746
-0.1587
-0.6160
-1.0713
0.1516
-1.0939
-0.1403
-2.8410
0.7720
-0.1773
-0.3585
-0.4813
0.0034
-1.3488
-0.6086
-1.4549
-0.4282
1.8870
-0.4730
-0.6451
-1.4008
0.4857
-0.2374
-0.1558
-0.1976
-1.3560
-0.8168
1.5651
-0.1212
-0.8579
0.7592
-0.6868
-0.1355
-0.3729
-0.7406
0.5066
-0.3120
-1.0168
-0.5393
-0.5398
1.0074
-0.6582
0.0168
3.2025
-0.6691
-0.5161
-0.8204
-0.6982
0.2836
-0.0283
-0.3805
0.1953
-0.2495
-0.4206
-0.1912
-1.0315
0.3813
2.1316
-0.5181
-0.6263
-0.0214
-0.6212
-0.3926
-0.3658
-0.1493
-1.2104
-0.9930
2.4519
-0.7015
-0.3002
-0.2470
-0.6559
0.0139
-0.1422
-0.6447
-0.3436
-1.3939
-1.4657
0.0225
-0.5906
0.2852
-0.9190
-0.5573
2.7743
-0.2034
0.3082
-0.1888
-1.1871
0.7103
-0.2937
-0.7100
-0.3729
-0.7595
-0.8485
-0.2243
3.1134
1.0383
-0.8033
-0.3941
-0.6363
-0.3019
-0.5753
0.3983
-0.7422
-0.0145
1.0300
-1.2467
-0.7155
-0.1383
-0.1170
-0.8826
1.5433
-0.5890
0.7291
-0.7790
-0.1433
2.7331
-0.3092
-0.1501
1.5547
-0.1518
-0.2935
-1.3431
-2.4683
0.6414
0.1837
-0.7980
-2.8231
-0.1491
-0.1359
-0.3367
-0.7570
-0.8122
-0.1554
-0.7626
0.2560
-0.9301
3.6182
0.2129
-0.2005
0.0577
-0.0693
-0.1737
0.9361
-0.1502
1.0100
0.5115
-0.7387
-1.4198
-0.6632
1.2411
-0.2349
0.7267
-0.5664
1.3453
0.3928
-0.8423
-2.7081
-0.4329
-0.8635
-0.9217
-0.8185
1.9948
2.2858
1.4966
-1.2956
1.0196
-0.2136
-1.7392
0.3427
-0.7848
-0.7855
-1.7289
0.7941
-1.0180
-0.8224
-0.5678
2.9157
1.8578
-0.7080
-1.0000
-0.0630
0.1250
0.5712
-0.2208
-0.4880
1.1152
-1.1738
-1.2290
-1.2295
0.4953
2.5858
1.0556
-0.7926
0.4630
-0.6530
-2.4356
-2.0968
0.0739
-0.2244
1.0636
0.9274
-0.1943
2.6846
0.3860
-1.0364
0.2198
0.2781
-1.2684
-0.2638
-0.2298
-0.3697
0.2575
-0.6180
-0.8713
-0.2754
-0.7638
0.2171
-0.2836
-0.5817
-2.3151
-0.4073
-0.3765
0.0350
-0.2520
-1.2609
-0.5073
0.8351
-0.7856
-0.7643
0.7384
-0.4374
-0.1285
-0.5109
-0.3816
-0.7021
-1.3721
-0.7932
-0.4059
-0.3824
1.5346
-0.6378
-0.9547
2.4651
-0.3847
-0.4322
-0.2622
0.0063
0.2564
0.0062
-0.0907
-0.2308
-1.2439
-1.1205
-0.9101
-0.8500
-0.7439
3.7006
-1.0307
0.8846
-1.9802
-0.8902
-0.3932
0.0235
-0.6872
0.3481
0.2992
1.4871
2.0164
-0.2925
0.5418
-0.8818
-0.0263
0.7802
-0.3862
-0.5034
-1.4384
-1.9523
0.0774
-0.4208
1.6877
-0.5332
0.6122
0.3277
-0.3286
-0.6973
-0.1131
-0.6518
0.6497
0.3866
0.2578
-0.1170
-0.9098
0.2255
1.7876
-2.8413
-1.7197
-0.3705
0.0794
-1.0269
-1.4794
2.0356
-0.1470
-0.4728
1.1296
-2.9404
-0.3154
-1.7082
0.9856
4.5588
1.5503
-0.0004
-0.0942
-1.6102
-0.1637
0.6244
-0.2751
1.8186
-0.2780
0.4485
-0.3881
-0.9119
1.7314
-1.6272
0.9238
1.7742
1.8966
-1.5914
1.1504
-0.0595
0.5841
-0.6554
1.0394
-0.5535
-0.0281
-0.6375
-0.7706
-1.2377
-0.3565
-0.0582
1.0966
1.3306
-0.4260
-0.3499
-0.5486
-0.7127
0.0547
2.0229
-0.5437
-0.2475
-0.4332
-0.3354
-0.3583
0.9103
0.2100
-0.2395
-1.3639
1.0968
-0.7032
-0.0164
0.1960
-0.1292
0.7928
0.4700
-0.7220
1.7442
-0.3029
-0.5708
-1.4146
-0.2498
-0.5710
-0.1923
-0.2878
1.2357
-1.2771
1.6696
1.0677
0.6945
-0.2435
1.4653
0.6298
-1.0182
-0.4302
-0.5533
-0.6722
0.5077
-0.3604
-0.9003
-0.6066
-0.3085
-0.5892
-0.0842
-0.3408
3.5972
-0.3860
-0.9001
0.9557
-1.3850
-0.8326
-0.8165
1.1906
-0.1727
-1.1968
0.0795
-0.0473
-1.3128
2.6615
0.5315
-0.7492
-0.0597
-0.3151
-0.2948
-0.0752
-0.6581
-1.0434
-0.6303
-0.7146
2.0487
0.0791
-0.3530
-0.2410
-0.7029
-0.1735
0.6339
-0.4069
-1.0813
-0.8216
-0.7948
0.9362
-0.4851
0.4151
-0.7420
0.6499
0.2785
-0.6961
-0.3983
-1.2812
-1.2650
-0.6158
-0.5547
2.4984
-0.2733
-1.2908
1.7645
0.9404
0.1389
0.0185
-0.1985
0.7469
-0.0094
1.3611
0.1081
-0.3542
1.3536
-0.7746
-1.5030
0.6512
-0.2563
-0.3545
-0.4446
1.2440
0.4542
0.5904
0.9886
-0.4029
0.1364
-0.5623
1.3378
-0.5609
-0.1809
0.0598
-0.5938
-0.2027
-0.8416
-0.3910
-0.0828
0.0441
-0.0263
-0.3239
-0.0941
-1.0231
-0.1969
-0.3291
-1.6199
-0.0243
1.1875
2.0394
-0.0775
-1.0865
-0.4994
-0.5411
-0.1914
0.2306
-0.6482
-0.7962
-0.6651
-0.4709
1.7451
-0.0850
-0.3758
0.9851
-0.5524
-0.1177
0.4317
-0.2726
-1.3604
-0.3807
-0.9748
-1.1130
-0.0020
0.1048
-0.5768
-0.1951
-0.0792
-0.2637
-0.4468
0.1535
-1.5182
-0.3368
-0.4229
2.3022
0.0685
-0.4648
1.7151
-0.2219
-0.7233
-0.1934
0.0627
-1.4095
0.6098
-0.3452
0.2626
0.1830
-0.4924
-0.3220
-0.9377
-0.3117
2.8460
-0.4932
0.0575
-1.3391
-0.4364
-0.3593
0.2882
-0.1967
-1.2943
-0.2190
0.2512
-0.4934
-0.5593
1.2040
-0.6329
0.6049
-0.1296
0.1236
1.2745
-0.6896
-1.1869
-0.6230
-0.5092
-0.1019
-0.0301
0.1247
2.2075
-0.9036
0.4511
0.3162
-0.3430
1.3166
-0.3467
-0.3291
-0.4162
-0.8804
-0.3376
-0.7943
-0.1481
-0.4491
-0.0311
-0.3838
-0.2013
-0.2887
-0.5305
-0.3623
-0.0667
-0.0394
-1.2988
-0.6148
-1.2807
-0.5260
-0.0644
-0.3148
-0.3881
-0.0634
0.0954
-0.4171
-0.3057
-1.1467
-1.2325
-0.3381
-0.4421
1.8039
-0.2248
-1.0363
1.8338
-0.6539
-0.7469
-0.4898
0.8135
-0.7727
0.2791
-0.2516
-0.3602
-0.5412
-0.7315
-0.7134
-1.2039
-0.4682
-0.6017
-0.3886
-0.2566
-2.3982
-0.6665
-0.4792
-0.3577
-0.3216
-0.9139
-0.5882
3.4256
-0.4900
-0.5104
0.0152
-0.4577
-0.5725
-0.8487
-0.5490
-0.4304
-1.0931
-0.9216
-0.3651
-0.6823
-0.5782
-0.4901
-0.7048
1.9210
-0.4861
-0.7185
-0.6909
-2.4213
-0.2889
-0.6507
-0.0272
-0.4134
0.0666
-1.0112
-0.3551
-1.1770
-0.5037
0.6996
-0.3202
0.1283
-2.3565
-0.6284
-0.6423
-0.2875
-0.2666
-1.3628
-0.5171
3.1212
0.4105
-0.2800
-0.2535
-0.4234
-0.3180
-0.9756
-0.5877
-0.0218
-0.8729
-1.1904
-0.2213
-0.7302
-0.4219
-0.6421
-0.3100
3.2351
-0.7674
-0.6293
-0.0445
-3.0551
-0.6800
-0.5580
-0.2806
-0.4386
-0.3143
-1.1287
-0.4086
-0.9900
-0.3686
1.3121
-0.1777
-0.1338
-1.4071
-0.4942
-0.2730
-0.2669
-0.2309
-0.8070
-0.6663
2.2479
0.7641
-0.7304
-0.2934
-0.4607
-0.3804
-0.7139
-0.6921
-0.1489
-0.6148
-1.0865
-0.5497
-0.5551
0.6559
-0.5903
-0.6486
2.9885
-0.3650
-0.5838
-0.1512
-2.2901
-0.8609
0.0316
-0.3721
-0.6798
-0.5975
-0.5660
-0.7236
-2.6513
-0.7218
-0.3122
-0.6276
-0.8265
-3.6479
-0.2558
-0.7521
-0.4937
-0.0923
-0.8940
-0.5734
-5.9361
-1.1464
-1.3283
-0.4171
-0.7905
-0.2012
-1.2282
-0.3172
-0.5398
-1.0670
-0.9298
-0.6260
-0.5274
-2.1205
-0.7722
-0.5474
-2.7529
-0.3338
-0.5018
-0.4209
4.1475
-0.9404
-0.6389
0.1973
-0.5152
3.6949
-0.4912
3.2437
0.3029
-1.2292
1.0826
-0.4843
-1.1847
-1.1774
-0.8325
0.1173
-0.9236
0.5458
-0.8708
-0.7645
-1.1754
1.2311
0.3832
-0.4991
-1.2118
-0.6092
-0.4240
0.9289
-0.6948
-1.6693
2.2301
-0.5921
-0.2435
-0.6078
-0.7537
-0.5777
-1.1158
-0.5095
1.2803
0.4363
-1.0715
-0.4904
-0.2738
-0.9180
1.9527
-0.8286
-0.1892
-0.4205
-1.3609
-0.9795
3.4193
0.8251
0.5877
-1.0838
-0.7332
-0.4560
2.5501
1.8818
0.6592
0.8656
-2.3718
-0.1228
-0.5175
-0.1412
-0.4635
-0.0378
0.7311
-0.1209
-0.5353
-1.2276
-2.4268
0.2639
-0.8150
1.2139
-0.6045
0.1769
0.3325
-0.1329
-0.8787
-0.2416
-0.7168
-0.2497
-0.0297
-0.2396
0.1272
0.2286
-0.5753
-0.6180
-1.1118
-0.3301
1.4552
-0.6032
-0.2620
-0.5473
-0.5278
-0.3009
0.2331
-0.3772
-1.3031
-0.5029
0.4120
-0.2268
-0.6059
1.3684
-0.6515
-0.2589
-0.2477
-0.4058
-0.5169
-1.3443
-1.0081
-0.4553
-0.3416
1.5486
-0.3663
-0.8145
1.8395
-0.5712
-0.5969
-0.2344
-0.7811
0.4449
0.0830
-0.4070
-0.1449
-0.1900
-0.2654
-0.7740
0.1209
-0.4646
1.2197
0.5657
-0.1832
-0.2169
-0.6088
-0.4293
0.1830
-0.0486
-0.6985
-0.6427
-0.9448
-0.1580
-0.1208
-0.2439
-0.0059
0.1182
0.2597
-0.4059
-0.5273
-1.1953
-1.1807
-0.2534
-0.4223
0.0306
-0.2541
-0.8568
1.2414
-0.5030
-0.1623
-0.1695
0.5841
1.1875
0.3508
-0.5868
-0.6085
-0.5660
-0.9401
-0.5973
2.2014
2.0714
-0.2951
-0.4127
0.6095
-1.4817
-1.3058
-0.8408
-0.6429
0.4281
1.2319
0.3147
-1.7739
-0.4684
-0.6320
-0.6836
0.2534
-0.3549
3.5288
0.2771
-0.5246
1.3454
-1.9805
-0.8324
0.5919
1.3508
-0.1652
-1.2191
-2.1159
0.1749
-1.2056
0.9018
-2.1579
-0.1888
-0.1675
-0.4823
-0.2843
-0.9333
-0.3483
-0.6812
0.7343
-0.6550
-0.6747
-0.5765
-0.6204
-0.8030
-0.7451
-0.2912
-0.5689
-0.1835
-1.2154
-0.7528
-1.5754
-0.8700
-0.3769
-0.3276
-0.5473
-0.3269
-0.2969
-0.5173
-0.3772
-1.0846
-1.2131
-0.1976
-0.4598
-0.8210
-0.2963
-0.9587
0.8482
-0.5053
-0.4508
-0.5047
1.1842
1.1459
-0.3034
0.0575
-0.2602
0.2284
-0.3393
-0.6533
-1.0905
-0.6684
2.6158
-0.3069
-0.7518
0.0414
-0.3723
-0.3484
0.1370
-0.0569
-0.7801
-0.4068
-0.1188
-0.3290
-0.0978
0.3134
-0.4850
-0.0468
0.5156
-0.3482
-0.4647
-1.0474
-0.9697
-0.3782
-0.2901
0.7496
-0.3688
-0.3072
0.5496
-0.3855
-0.5951
-0.3431
-0.8282
1.7664
-0.2268
-0.3504
-0.4649
-0.5017
-0.5229
-0.4893
-0.1459
-0.6230
-0.4381
-0.0959
-0.4752
-1.0099
-0.3901
-0.2579
-0.1584
-0.3777
-1.1663
-0.4573
-1.8837
-0.7745
-0.4464
-0.2363
-0.5108
-0.3838
-0.4418
-0.4702
-0.5726
-0.9539
-1.0379
-0.3832
-0.5501
0.0799
-0.4651
-0.5655
0.7527
-0.4664
-0.6712
-0.2936
-0.7730
0.0729
-0.1209
-0.3323
-0.4331
-0.3981
-0.2384
-0.6915
-0.6823
-0.2923
0.1729
-0.3105
-0.4504
-0.8800
-0.6052
-0.2726
-0.4795
-0.2461
-0.6461
-0.5406
-1.3451
-0.6143
-0.5172
-0.2216
-0.5292
-0.3794
-0.3277
-0.2251
-0.4153
-0.9990
-0.8005
-0.5022
-0.5759
0.0964
-0.4159
-0.6857
-0.9011
-0.2398
-0.3224
-0.2119
-1.4503
-0.1265
-0.0579
-0.3222
-0.3330
-0.3262
-0.2926
-0.5670
-0.9442
-0.4929
-0.1035
-0.2093
-0.5645
-0.9257
-0.6399
-0.3468
-0.5061
-0.4694
-1.0078
-0.4436
-1.1859
-0.6688
-0.1774
-0.3615
-0.2876
-0.3734
-0.5467
-0.1704
-0.2742
-0.9124
-0.8417
-0.4567
-0.4785
0.0292
-0.4592
-0.6722
-0.6797
-0.1444
-0.5259
-0.1936
-1.1218
-0.0290
-0.1315
-0.4045
-0.1738
-0.7319
-0.2416
-0.5606
-0.5324
-0.3498
-0.4466
-0.1975
-0.5638
-1.0814
-0.6419
-0.4633
-0.2908
-0.4236
-0.9490
-0.4096
-1.5327
-0.5166
-0.5226
-0.4197
-0.6247
-0.5985
-0.6539
-0.2835
-0.3139
-0.9224
-0.9869
-0.5864
-0.4794
-0.5124
-0.5255
-0.7525
-0.6766
-0.2786
-0.5094
-0.4379
-1.3353
-0.1463
-0.2189
-0.4688
-0.3597
-0.6662
-0.0004
-0.5220
0.0326
0.0395
-0.3905
-0.3111
0.2324
-1.0132
-0.6044
-0.3709
-0.2545
-0.3032
-0.6244
-0.4015
-1.3573
-0.4048
-0.2907
-0.3189
-0.3648
-0.3613
0.6288
-0.2729
-0.3918
-0.5897
-1.0536
-0.4803
-0.3124
-0.2430
-0.3784
-0.5868
-0.9118
-0.3438
-0.5738
-0.2885
-2.0968
-0.4450
-0.4328
-0.3069
-0.5103
-0.5963
-0.4384
-0.5268
-0.7959
-0.4711
-0.0430
-0.4604
-0.6041
-0.9003
-0.5413
-0.3044
-0.3644
-0.2707
-0.9990
-0.5132
-1.4682
-0.6279
-0.6076
-0.4080
-0.4644
-0.2836
-0.5013
-0.3019
-0.5585
-0.9944
-1.1015
-0.4064
-0.3309
-0.3970
-0.5360
-0.5244
-0.9826
-0.3361
-0.6834
-0.4547
-1.7186
-0.3376
-0.1684
-0.3969
-0.4225
-0.5674
-0.2463
-0.4614
-0.8286
-0.3254
-0.4877
-0.4500
-0.3788
-0.8434
-0.5394
-0.3119
-0.4614
-0.3407
-0.8390
-0.5574
-1.3064
-0.4353
-0.4590
-0.4573
-0.4056
-0.4297
-0.6183
-0.2864
-0.4898
-1.0186
-0.9709
-0.4114
-0.3588
-0.5642
-0.3589
-0.5953
-1.4683
-0.4750
-0.6394
-0.4633
-1.7226
-0.4828
-0.2662
-0.2365
-0.3889
-0.5035
-0.2245
-0.5775
-0.8050
-0.2100
-0.0332
-0.3637
-0.3857
-0.8158
-0.4621
-0.3474
-0.3619
-0.3050
-0.8100
-0.5798
-1.4008
-0.5719
-0.4855
-0.4639
-0.4368
-0.4620
-0.0239
-0.3003
-0.3461
-0.9406
-1.0551
-0.5866
-0.4881
-0.4184
-0.4699
-0.4463
-1.1180
-0.3762
-0.6863
-0.2372
-2.0686
-0.4727
-0.1589
-0.0858
-0.0300
0.1378
0.0184
-0.1840
-0.0748
-0.0123
-0.0054
0.0516
0.0376
-0.0992
0.0868
0.0380
-0.0022
0.0519
-0.0918
-0.0064
0.0399
0.0183
0.0674
-0.0840
-0.0804
-0.0924
-0.0654
0.0034
0.0178
0.0394
0.1683
-0.0811
-0.0042
-0.0410
-0.0218
-0.1180
-0.0643
-0.0233
0.0927
0.0840
0.1770
0.0512
-0.1066

Direct connections:
