version: 10
file format: 0

training data file: ../en_s1.txt
validation data file: ../en_test1.txt

last probability of validation data: -22489.130900
number of finished iterations: 12
current position in training data: 0
current probability of training data: -22451.874804
save after processing # words: 0
# of training words: 112449
input layer size: 112
hidden layer size: 40
compression layer size: 0
output layer size: 81
direct connections: 0
direct order: 3
bptt: 7
bptt block: 10
vocabulary size: 72
class size: 9
old classes: 0
independent sentences mode: 0
starting learning rate: 0.100000
current learning rate: 0.001563
learning rate decrease: 1


Vocabulary:
     0	         0	</s>	0
     1	     20894	â–	0
     2	     10517	e	0
     3	      8068	t	1
     4	      6402	a	1
     5	      6312	o	1
     6	      5616	h	2
     7	      5415	n	2
     8	      5344	i	2
     9	      4996	s	3
    10	      4177	r	3
    11	      3696	d	3
    12	      3623	l	4
    13	      2669	u	4
    14	      1952	w	4
    15	      1942	g	4
    16	      1912	,	5
    17	      1744	c	5
    18	      1698	y	5
    19	      1515	m	5
    20	      1506	f	5
    21	      1407	'	6
    22	      1141	p	6
    23	      1113	b	6
    24	       881	`	6
    25	       850	k	6
    26	       757	.	6
    27	       622	v	6
    28	       576	I	7
    29	       542	-	7
    30	       498	A	7
    31	       378	T	7
    32	       355	!	7
    33	       240	H	7
    34	       197	W	7
    35	       185	:	7
    36	       173	S	7
    37	       173	?	7
    38	       160	D	7
    39	       159	M	7
    40	       156	;	7
    41	       153	E	8
    42	       139	O	8
    43	       114	C	8
    44	       112	R	8
    45	       112	x	8
    46	       110	j	8
    47	       101	"	8
    48	       100	N	8
    49	        91	q	8
    50	        87	Y	8
    51	        80	L	8
    52	        76	B	8
    53	        70	Q	8
    54	        66	K	8
    55	        65	G	8
    56	        60	*	8
    57	        54	z	8
    58	        52	U	8
    59	        51	P	8
    60	        51	F	8
    61	        47	)	8
    62	        46	(	8
    63	        29	V	8
    64	         7	J	8
    65	         4	_	8
    66	         4	X	8
    67	         2	[	8
    68	         2	]	8
    69	         1	3	8
    70	         1	Z	8
    71	         1	0	8

Hidden layer activation:
0.0112
0.2165
0.9495
0.0012
0.0826
0.0440
0.1575
0.3870
0.1101
0.0004
0.3709
0.9641
0.0238
0.0100
0.0307
0.0089
0.0002
0.0236
0.0028
0.0001
0.0006
0.0000
0.0043
0.0014
0.0023
0.2164
0.0343
0.0010
0.0079
0.0005
0.0005
0.0030
0.0605
0.0025
0.4798
0.0003
0.9891
0.0024
0.9883
0.0009

Weights 0->1:
-0.1424
-2.3324
0.0782
0.8346
1.7550
-1.0670
-3.2496
-2.4079
1.7893
0.0413
-1.0370
0.7270
0.6760
-1.7328
-0.2641
1.4682
-0.3535
0.6715
-1.9266
2.0804
3.4689
5.7094
1.5248
4.4585
0.7156
-1.0371
-0.6197
-2.1022
-0.6169
-0.7403
-0.8615
-0.5236
-0.5239
-0.0244
-0.7255
-0.3386
0.0106
0.4149
0.2351
-0.2156
-0.4422
-0.4406
-1.0788
0.4497
-0.4239
-1.3745
-0.9089
-0.2345
0.4663
1.0153
-0.1891
-0.1976
0.7507
0.4258
-0.3838
-0.3798
0.0054
0.0148
-0.1445
-0.2028
0.0021
0.0967
-0.0342
-0.1354
0.3609
0.0928
0.0875
0.2859
0.0371
-0.0954
0.0641
0.1583
-1.7124
-0.0560
0.8595
-4.3933
-1.8525
-0.8539
0.9842
-1.5712
0.6750
-0.9750
-5.3502
-1.9189
-1.0333
1.4622
-1.7678
-0.1717
-0.3529
1.7023
0.8163
0.1071
-2.9579
0.2738
1.2770
1.0938
-3.0744
0.6022
-2.7152
-2.5334
1.4610
1.1266
-1.7012
2.7451
-2.2569
-2.6274
-1.3657
-0.4340
-1.7883
-2.5290
-5.4938
2.3016
-0.2104
-4.3729
-0.2417
1.3433
0.6371
-2.0273
-0.2736
-1.9738
4.2690
-1.8964
1.2747
-0.4518
-2.6640
3.7668
-1.1916
-1.9522
-2.1408
-0.3476
-0.1759
-0.6794
-1.4033
-2.2503
2.2694
0.1134
-0.5436
-0.0815
-1.6656
0.5641
-0.3231
2.3765
0.3950
0.7517
-0.0391
-0.2258
0.6129
-0.8485
0.1075
0.5228
-0.1867
-0.0469
-0.7980
-0.2153
0.0244
-0.1199
-0.8529
-0.4282
-0.2159
0.2198
-0.8672
0.1869
-0.5834
0.0643
0.1506
-0.0850
0.1375
-0.4158
0.0287
-0.1377
0.4873
-0.0339
0.1209
-0.3422
-0.1538
0.1548
-0.0595
-0.1790
-0.0732
-0.0767
-0.0445
-0.0720
0.1142
0.1130
0.3170
2.1054
-1.2429
0.0282
-2.4926
-3.2439
-0.8991
0.4574
1.7574
-2.4735
-3.5368
0.2038
-1.6196
-1.0402
0.0327
-0.0398
-1.7840
1.0395
-0.6722
2.0453
-2.4863
0.0859
1.5202
-0.5024
-0.9500
-2.0399
-2.4136
-1.7342
0.1915
-0.8703
1.2329
0.3637
-0.1852
-5.3795
0.4168
-3.4567
1.5497
-1.1956
-0.8153
-0.5062
0.1478
-5.9317
-5.0876
-0.3928
1.5275
-1.6348
-0.0648
-2.2380
-2.9498
-1.3870
0.0713
-2.8408
-2.1513
2.1279
-1.7697
-3.4612
3.9825
-4.2168
-2.5644
-0.7177
-2.8098
1.4260
-1.6659
-3.4211
-3.0099
-2.4112
5.4363
-0.5311
2.9467
-0.8122
2.8636
-1.3423
4.6145
-0.6315
-2.2794
-0.4274
-1.0239
4.2303
-0.5955
-1.9765
2.7275
-0.8287
-1.7717
-3.2719
-1.4630
-1.0471
-1.0554
0.3550
-2.4667
3.9373
-0.8815
-1.6166
-1.1771
3.9048
-1.4343
-2.8432
2.4227
-2.5636
1.1681
-1.4367
-2.0346
-0.2049
-2.2114
-0.9871
0.6677
0.0515
0.5239
-0.0512
0.6349
-0.4207
0.2873
0.1407
0.7331
-0.7339
0.2977
-1.5960
-1.5294
-2.2455
1.6338
0.7593
-0.9766
-0.7918
0.1358
1.1321
0.6166
1.4768
0.4841
-0.1916
-2.2364
0.1984
-4.6409
-0.7604
-0.1471
-1.4884
-1.9948
0.5372
0.4228
0.4290
-1.8438
0.9390
-2.0183
0.2736
-2.0682
1.0461
-1.9090
-0.4619
0.2267
0.1477
-2.2451
1.5371
1.9657
-0.0285
-0.5189
-2.8723
-3.4234
-1.1970
-3.0985
2.6703
-1.0524
-0.1462
-0.2081
1.6487
-0.3519
-2.6150
-4.1817
-1.8901
-1.1269
-3.1195
-0.3869
0.1122
-2.5468
1.7524
-1.1105
0.5399
-2.0162
-2.3914
-1.0982
-1.6041
-1.0108
-2.2121
-2.6364
-1.1830
-1.9445
0.2771
-0.6403
-0.6205
-1.6045
-0.5915
0.6404
-0.0443
3.0075
2.1676
-0.3681
0.1898
1.8271
-0.9502
2.7300
2.2509
2.5166
-1.7784
-0.3675
6.3794
-1.3371
0.0208
-0.9957
4.5296
-0.1677
-0.4461
-1.4772
-1.0591
-0.6852
-0.9797
-0.2401
0.2130
-1.8593
-0.8468
1.3566
-0.4383
-0.6766
-0.1635
0.0322
0.0788
-0.1401
-0.1676
0.5518
-0.0278
-3.1565
-0.9165
-0.5848
-0.4965
-2.8952
-3.6663
-1.2648
1.9773
-0.7389
-2.3520
-3.7393
3.4925
-0.2977
-3.5839
-3.2797
0.9009
0.9921
-0.9711
0.2998
1.0608
-2.1909
-4.4015
-0.1410
2.3104
-2.1341
-0.4875
0.0831
0.8889
-1.7125
0.1799
-0.4773
-0.9569
0.6294
-1.7948
-0.1122
0.6205
0.5339
0.5854
0.0220
-6.3043
-4.5171
-1.5860
0.9917
-2.4985
-2.1984
-1.6975
7.0176
0.3189
0.5118
-2.2751
2.4702
1.8112
-1.3764
-3.3447
-3.6098
3.9925
-5.4671
-5.3600
0.2229
0.6008
-2.6493
2.1392
-0.9006
-3.6766
-1.2742
0.9455
-0.8223
-2.3737
6.5076
-2.2429
-1.1976
-0.4717
-0.2749
-0.8640
-0.6641
-1.7852
-0.7279
-0.6209
-0.4655
0.3981
0.2232
-0.3837
-0.7911
-2.8255
-1.7598
-0.9674
-1.0372
-1.0884
0.1121
-1.3620
-0.1257
-0.2470
-0.2573
-0.3713
-0.6940
2.5300
-0.1886
-0.5125
-0.0240
-0.1479
-0.2200
-0.8890
0.0639
0.1588
0.2975
0.1045
-0.0634
0.1939
-0.0233
-0.0812
1.6715
1.2170
1.6363
-0.9143
2.3808
0.0920
0.4498
0.6357
0.9054
-1.8209
0.8578
0.2803
0.3127
-3.7598
0.0594
-1.1384
-1.1758
0.7348
-0.5369
-0.4330
-2.6064
-3.2929
-3.4467
-0.7546
-2.4394
-0.8032
-2.6460
3.3583
-0.2287
2.5550
3.8525
2.2587
0.7641
-7.8222
1.3547
-0.1965
-2.1970
-2.3452
-0.1729
-2.5965
-0.0525
-3.8770
1.5618
-0.2761
0.6111
0.9365
-2.6236
0.1738
-0.3380
-1.9338
-0.9996
-0.8968
-1.1969
-1.2283
8.0761
2.0518
-2.3254
-1.5657
0.9338
0.6185
-0.2361
-0.9906
-2.9759
-3.6270
-0.7465
-0.1382
-1.0993
-1.1600
0.6712
-2.2705
-0.4686
-0.8383
-1.8103
0.1670
5.2892
0.0194
-0.1005
-1.2345
-1.6416
-0.3129
-0.8679
1.8586
-0.5619
0.2657
0.2625
-1.1401
-0.2420
-0.5966
-0.0330
-0.9536
-0.5950
-1.3379
0.0888
-1.1016
1.4676
0.0515
0.2431
0.0566
-0.5793
0.9110
-0.2467
-0.2613
-0.2666
-1.2263
-0.2576
0.1191
0.1110
-0.0086
0.0760
0.0515
0.0266
-0.1079
0.6012
1.5689
-0.7534
-3.1976
-2.0439
1.7858
-1.1143
-0.0039
-3.6506
-0.6400
-1.6607
0.3721
1.4832
0.0768
-1.7207
0.8624
-2.4487
0.4282
-3.8080
0.7411
0.5169
-2.3993
-0.4561
0.5268
-2.2254
-2.3092
1.2644
-2.4226
0.4793
0.0360
1.9472
-1.3933
-0.2939
-4.6320
-0.5829
0.1723
-2.7557
0.5585
1.8524
1.2545
0.1938
-5.3716
1.0994
-0.9928
-3.3079
1.5973
-4.0169
-2.4794
-2.7675
-3.4547
-3.1043
-0.3656
-3.7766
-1.6137
-0.9273
0.6652
-2.1242
0.9877
-3.0004
-2.2051
0.8726
4.0109
0.5019
3.4962
-1.4082
-0.0493
2.0153
0.2400
-1.5099
1.1073
0.5435
-0.9716
-0.0311
-0.8018
-0.6001
2.6169
-0.6692
-0.8056
-0.5583
0.1293
2.6979
-0.5190
-0.4368
-0.4807
-0.4677
0.0250
1.1046
-0.1008
0.0025
-0.6034
2.2135
-0.7371
-0.3057
-0.2799
-0.1405
-0.4283
0.8366
-0.2154
-1.0191
-0.2278
0.1031
0.3806
-0.3008
-0.9711
0.0939
0.0527
-0.0280
0.0136
0.0410
-0.1691
-0.1208
-0.0253
0.3513
2.7555
-1.2840
-1.5338
-1.3333
0.4009
0.2766
-1.2495
1.8650
-2.4912
-3.0486
-0.7600
-0.2765
-0.8690
1.3864
-0.4356
0.9598
-2.9678
-0.0578
-1.5393
-2.2722
1.6196
-0.5435
0.4680
-0.8761
-0.3588
0.6711
0.8683
-2.6726
-0.6730
1.3712
1.7651
-2.4954
-3.1137
-0.4942
-2.3036
-0.4591
0.6537
0.7689
-0.9076
-0.4280
-5.4609
-3.8988
-3.6215
-0.2774
3.7638
-4.3719
-1.9767
-0.0905
-3.9605
-3.0385
-1.2059
-2.2016
-0.0603
-2.1555
1.2502
-1.2638
-2.0766
1.0113
-0.1685
1.1916
-1.4864
-3.6249
0.1443
-1.9917
-4.3430
-2.3085
-2.3435
4.3298
-4.0380
0.2122
-1.5381
0.3691
-1.0689
-0.6131
-0.2056
-1.4694
0.7010
1.8735
0.1393
0.9790
1.7464
2.9547
-0.6506
-0.5969
-2.5631
0.1560
-1.1923
0.4005
-1.7589
0.0975
-0.8464
-0.7288
-0.8994
0.3509
3.6363
-0.2461
-1.6788
1.9918
-0.8541
1.0195
-0.1737
-1.2458
-1.4609
0.3827
0.6364
0.4270
-0.6200
-0.1730
0.0823
0.0273
-0.0104
1.2547
-0.7942
-3.6455
-0.6472
-2.3091
-0.4004
-1.4025
-0.6023
1.2554
2.2014
-0.5326
-0.5741
-0.6202
0.0424
0.8210
-0.2184
0.3731
0.2539
0.7477
0.5245
-1.2918
0.8482
-0.7939
0.0276
0.2493
-2.9473
0.2849
2.4753
0.8450
0.2648
-1.0920
-1.9021
-0.4095
-1.8940
2.0233
-0.7240
0.5232
-2.8217
1.1735
-0.8209
-0.1991
-3.0313
-2.7106
4.2229
-0.3610
-1.8934
-0.3946
-0.2747
3.7224
0.3185
-1.5879
-0.0257
-2.2971
0.7172
0.1950
0.2441
0.0840
-2.7899
1.3389
-2.3853
-0.7161
-0.4363
-2.8837
-3.5895
-3.0158
-1.0023
1.1843
1.4051
0.5956
-1.2518
-1.2044
2.3134
0.5996
1.0369
0.9292
0.6009
0.5875
-0.1629
0.3946
-1.0844
0.3587
-1.5891
0.9979
0.5677
-0.0968
-0.3649
-0.8684
-2.0197
-1.0532
-1.0577
0.8285
-1.4656
-1.6501
-0.4806
-0.7607
0.0012
0.5720
0.2231
-1.4056
-1.8236
-0.0737
-0.0649
-2.4565
-0.0961
-1.0766
-0.3702
-0.5065
-0.6733
-0.1210
0.1182
-0.0823
-0.1021
-0.0329
-1.8864
-2.9667
-0.0759
-2.2030
0.1476
1.6036
0.7385
-4.2249
-2.5361
-2.0482
-3.2212
0.1719
0.3878
0.9623
-2.2470
-4.2011
0.0392
-3.7079
0.6176
-6.9500
-0.8029
-2.1848
0.9598
-1.8345
-1.3972
-0.0603
0.1358
0.3325
0.6756
0.6250
-2.0536
0.1830
0.1006
0.8934
-3.2825
-1.2595
-4.0985
2.0492
1.2039
-0.1401
-2.6560
-1.9555
-3.8657
3.4903
5.6233
-0.0752
1.4937
-0.2446
-4.5175
0.5608
-1.7860
2.9612
-1.1746
-0.1627
-3.3006
0.3171
-0.4492
-2.3885
-3.6367
-2.1106
-0.6016
-0.8782
-1.1603
-0.4473
-3.0855
-0.4785
-1.8903
-0.9950
2.3155
-0.3340
0.0440
0.5174
-0.0395
-0.5698
0.1195
-0.5130
0.6836
-0.6428
-0.9151
-0.1485
-0.0161
0.2502
0.0161
-0.0853
-0.9725
-1.5932
-0.1169
-0.2565
1.4212
-0.2824
0.7761
0.1029
0.0893
0.0544
-0.1799
0.2050
-1.9527
0.7386
-0.8344
-0.2764
0.1891
-0.1547
0.3280
0.0473
0.0207
-0.2923
0.1065
-0.0053
-0.1761
0.1261
0.1190
1.9600
1.3656
0.2061
0.0930
0.4598
-4.3937
1.5719
0.3575
0.5915
-1.1835
0.3016
-3.4314
0.7508
-1.0275
-1.3451
-2.5974
-5.5261
-2.1844
-1.2887
-2.7974
-1.3682
-0.3947
-0.8845
0.6921
-0.3377
-0.4301
1.9486
-0.5202
-0.5449
-0.2069
3.2988
1.0113
-0.0271
-9.4367
0.1335
-2.9871
-3.7782
2.5495
0.3975
0.0296
-0.2901
3.3724
-5.4522
-1.4098
-0.6537
-0.1295
-2.5023
-3.3539
-3.8137
0.3996
-0.2971
-1.4086
-2.7473
-0.6975
0.4089
-3.5699
-1.9866
-1.2973
-2.1580
-1.0536
2.0327
1.0417
0.9958
0.9583
-0.5057
-0.2097
-0.5207
-3.1256
-1.7782
-1.7422
-0.7713
-1.4159
-0.8432
-1.9509
-1.2493
-1.4667
-0.3944
-1.4245
1.5105
-1.1890
0.1263
-0.7266
-2.0065
-0.0612
-1.3026
0.9387
-0.1591
-1.7355
-0.8736
-0.4850
-1.2987
0.2497
0.8397
-1.0846
0.6261
-1.0528
-0.1005
-0.5696
-0.3330
0.2408
0.8125
-0.4345
-0.0349
-0.5554
-0.1392
-0.0063
-0.1727
-0.0795
0.2630
-0.0099
-0.0504
0.0058
-1.0545
1.8191
-1.1679
-0.0610
-1.0611
1.3272
-1.0824
-0.6169
-0.4999
-0.2136
-0.3056
1.1086
0.0720
1.7604
-0.5953
0.8415
3.1146
2.1007
0.2136
1.7861
-1.0249
0.0273
0.5138
1.1060
-0.3813
-0.4618
0.6738
-0.9128
-1.0049
-0.3490
-0.8698
0.1594
-1.4800
-1.9551
-1.0655
-0.4704
-1.7478
0.1794
-3.2734
-2.4365
-0.0694
-4.4691
-5.5946
0.0813
-0.9049
-3.4480
-3.4684
3.3804
-2.8977
-0.9592
-0.8749
0.2516
1.7779
-1.4990
-0.5949
1.3421
4.4920
-2.3990
-2.5060
-1.7124
0.8671
-0.8849
-1.8227
2.6737
-1.2371
-0.4123
4.0958
-1.0573
-0.4655
-1.5026
-1.1696
-0.1077
3.9331
-1.0312
-0.7223
-0.4925
-0.5695
4.0213
0.3188
-0.5537
0.4472
0.3295
-1.0493
-0.6764
0.1226
0.0324
-0.2142
-0.2298
0.4040
2.6393
-0.1523
0.2164
0.9640
0.5043
0.1917
-0.4914
-0.2674
2.5030
-0.2743
-0.9099
-0.2466
-0.7861
-1.0103
0.2388
0.3434
0.0425
-0.0402
0.2224
-0.0695
-0.0462
-0.0543
-0.0024
1.6306
1.7045
0.1200
-0.8294
-0.9196
0.1929
-0.4960
-1.3114
1.1069
-1.9687
-1.5564
0.7130
0.9368
-2.3157
0.5450
0.2038
0.2365
-0.4833
-2.5016
-0.3887
-2.1437
0.7996
-0.3918
0.4327
-0.8984
-0.8150
2.3881
-0.4965
-1.4130
-1.1016
-2.9313
2.6418
-1.1168
-2.6695
0.0720
-2.2077
-0.2303
-0.8849
1.2722
-2.6294
-0.0430
-4.1470
1.1003
-4.2020
-3.4328
-3.2939
0.6812
3.2923
2.7998
0.3911
-2.4064
4.8407
-0.0621
-2.8109
-1.3696
-1.2774
4.7232
-0.0255
-0.7742
-0.4717
-1.4378
-2.2936
-2.3399
-0.2742
-0.5158
-2.7888
-2.2732
-1.6818
0.1149
-2.2301
-0.0972
-0.6062
-0.3073
0.0366
-0.4090
1.7197
0.0713
-0.5822
1.3306
-1.2562
2.3677
0.3260
-1.1837
-1.0611
-1.0169
-0.5791
-0.1850
-0.2283
-0.0829
-0.4546
-0.0112
-0.2518
-0.2709
-0.6760
0.8598
0.2307
0.3197
-1.1023
-0.0195
0.3492
-0.6129
-0.5679
-0.5130
-0.4261
-0.1105
0.2299
0.1425
0.0107
0.0697
0.0420
-0.1002
0.0063
0.3093
-0.8101
-2.9580
-1.2791
0.0479
-0.8169
-0.0004
-2.6994
0.1070
0.1666
-0.1353
-1.5142
-1.2471
0.3936
-0.5384
-0.7776
-0.1332
0.9556
0.4092
0.4815
2.6075
-2.1924
-3.5509
-3.2431
2.0768
0.9740
0.9911
-0.1597
2.3468
-0.1593
-2.7684
0.3368
1.5527
-3.9045
-0.5886
-1.9194
0.1895
1.4530
-2.3338
-0.4284
0.1839
-2.3720
-0.6833
-3.2967
-3.0143
1.6485
0.1608
-3.3955
1.8980
-2.6974
-2.0638
-1.1840
2.5360
3.7158
-1.7853
-1.2433
-0.5731
-0.8746
3.8997
-2.0762
-2.2032
-1.1914
-1.1155
-2.5863
-0.5051
-1.0673
1.0054
-1.5442
2.8521
-0.2791
-0.0167
-1.8860
0.3215
-0.1356
-0.3875
-0.1200
1.1234
0.2916
-0.7996
1.8988
-0.3453
0.0458
-0.6811
1.1940
1.3567
0.3428
-2.3527
0.4812
0.8929
-1.1127
4.3971
0.8069
-0.5991
-1.2614
-0.2236
1.7016
-0.9790
0.0081
-0.2058
-0.2022
1.0341
0.1076
0.4686
1.3886
-1.0278
0.1612
0.6740
-0.7159
-0.1715
-0.2086
-0.0377
-0.0439
-1.7780
-0.7388
0.1598
1.2871
-0.5526
0.0477
-1.3447
-2.0000
-2.3606
1.5181
-1.5965
-4.2512
-2.1787
-0.5593
-1.2005
-1.0608
-6.1141
1.2367
-2.1187
-0.5019
0.3432
0.4149
-1.7087
0.0953
-1.8389
0.1313
-1.7291
-0.3077
2.4372
-0.2544
-1.2715
0.0175
-0.1618
-0.6715
-0.9482
-3.3169
-1.5451
-2.9825
1.1271
-1.9288
0.4285
-4.8873
-4.7547
-6.1064
-4.0143
1.2934
1.1834
-3.0677
0.2337
-1.1086
-1.2411
-3.9720
3.5005
-5.4616
-3.0120
0.4869
-1.5263
1.2339
-1.6387
-3.2270
2.0332
4.6965
-4.5983
-3.0136
-0.1359
-0.4871
5.5329
-2.1545
-1.3847
-1.2901
-1.1900
-0.6809
0.0898
2.1161
-1.0047
3.7818
0.4319
1.9902
0.7326
-0.6738
1.5499
-0.2624
0.1161
0.8168
1.4877
0.7810
-0.1748
1.9309
-1.1853
-0.1450
0.9940
-0.1923
-0.8530
-0.0685
0.5184
-0.0045
1.1933
1.4941
-1.5617
-1.5264
-0.4594
2.0042
-0.4656
1.7139
-0.4272
0.2671
0.8634
0.1089
0.5011
-0.0542
0.0536
0.1597
0.4067
-0.1348
-1.4647
2.7571
-0.6596
-2.5834
-0.5086
0.5659
3.1077
1.4141
-0.2935
0.7239
-0.8513
1.6592
-2.3160
-2.1434
-0.6607
-1.8436
-3.0232
-0.0887
-1.7070
-1.3665
-1.4980
0.8148
-1.0909
-0.1653
0.9007
-0.5213
1.6441
0.3581
-2.5965
0.3394
-0.4086
-2.4218
-0.7179
-1.8880
0.7419
-2.0739
2.4852
1.1214
-0.0781
-5.9090
-2.0591
1.5552
-4.1143
-0.4957
-0.5135
-3.4474
-5.9311
5.7686
0.0486
-2.4025
-6.6638
-1.8425
-1.9187
2.6689
3.0640
0.7281
1.6893
0.2407
-0.7184
-4.5404
1.8620
-1.3054
0.0502
2.8553
-3.6347
1.1716
-2.0001
3.7303
-1.9965
0.4066
-4.6040
-1.5130
-0.4958
1.6680
1.2866
-2.1994
-0.6751
-0.6254
2.1476
-1.1844
-2.4960
-0.8644
-1.3817
1.2670
0.3620
-0.0123
-0.8030
1.0581
-0.9462
-1.4350
-0.8046
-0.7865
1.0538
-0.7392
0.5702
-0.4524
-1.2125
-0.8558
-0.3365
-0.4772
-1.0649
-0.8836
-0.0513
0.0765
-0.0476
-0.1034
0.0136
-0.0545
0.1447
0.1142
0.1411
-0.3755
0.8957
-3.3506
-0.0730
-0.3952
0.1966
0.3098
-0.6677
0.8112
-0.8256
-2.1417
-0.3728
1.4112
0.4323
-0.0918
0.2942
-1.5046
-1.4403
0.2646
1.5253
2.0099
1.0141
0.3890
0.5408
0.0308
-1.2059
3.0336
-1.3345
-2.0841
-0.6313
-1.5574
2.6456
-3.4834
1.4058
0.6299
0.8442
-0.0541
-3.4367
0.4992
-0.5534
-5.5950
-3.8479
1.3815
-5.1877
-3.9589
0.7016
0.0671
-5.9348
-0.7701
1.7352
0.7293
0.8964
-3.9793
2.2403
3.7136
-3.1467
2.3002
-1.5001
0.2219
0.9287
-4.0877
3.1154
1.5850
-5.1242
-3.2148
-3.4823
2.1459
-3.2805
-2.7524
-2.9459
0.6755
-2.6001
-4.4440
0.7274
-0.0482
-1.6253
-2.1297
1.2449
-2.4608
-0.2450
-2.6450
-3.3987
0.1293
1.4598
0.0200
2.7745
-3.6370
0.0499
3.4442
-2.0387
-0.7286
1.2801
0.0023
-0.6114
2.9494
-0.7667
1.7841
-2.9197
1.6207
-0.1729
-0.7938
-3.7170
0.3824
1.1985
-0.9414
-1.5094
0.5525
-0.9190
0.0546
-0.0567
-0.0928
1.3658
0.8771
0.2032
2.1443
-2.4324
-0.6269
1.1327
-7.2872
0.9020
-0.9433
-0.9953
-1.3633
-2.4003
-1.7193
0.6860
-0.5732
0.4461
-0.9451
1.1456
1.1401
-0.2849
1.7692
0.3546
0.9169
2.0566
0.4079
-1.6582
2.0783
-1.1704
1.7816
-0.9284
0.7196
-5.1910
1.0447
-0.3880
-4.2796
-0.0177
-0.2360
0.2911
0.7355
-0.1663
-1.9825
-1.3050
-1.3950
1.4044
1.7909
-1.1600
-1.3416
-0.8200
-0.4846
1.6395
-3.1828
-2.7811
-2.0321
-2.5912
0.6274
-0.8485
4.9839
-0.2229
-2.0730
-1.0103
-0.6872
1.6794
1.2904
0.2502
-1.9487
0.0453
-0.1675
-1.3111
-1.2560
-1.7053
-0.2722
-0.3788
0.2742
1.5139
-0.7979
0.1321
0.0618
-1.0634
0.5437
-0.4863
0.4932
-0.5591
4.1231
-0.6430
1.4103
-0.9557
1.0955
-1.2128
-0.8853
0.1255
-0.9320
-0.1801
-1.4009
0.0408
1.4135
-0.3830
-1.1226
0.1781
-0.3576
-0.2936
0.1194
0.0938
-0.9017
-0.3033
0.1392
-0.1231
-0.1078
0.0572
0.0753
0.0289
0.0527
-1.0596
-0.5304
1.2641
-0.4889
1.0988
-0.5724
-0.8780
1.2928
-1.1546
-1.6279
0.5279
-0.3402
-0.7116
-3.6725
-0.4748
-2.6734
-2.1060
-2.6455
-1.4708
-0.7104
0.7427
-0.7237
0.7968
0.9347
-1.5560
-0.8922
-2.3955
1.6695
-2.1686
1.8921
0.8268
-0.5055
0.2474
-3.9896
0.9484
-1.9379
-2.0683
-0.4988
1.8014
0.4371
0.1464
-4.4185
-0.0710
-3.1563
-4.6908
-3.8816
0.3124
2.7742
-5.9245
-4.1859
3.0640
-1.1478
2.9182
-1.9353
0.2483
-1.1323
-1.1159
-4.4067
-2.0697
3.4263
-0.6655
0.0413
-0.4446
2.4471
-4.7901
0.6256
-0.6098
2.3846
-1.5055
-2.0443
-4.8066
-1.1871
-1.2558
4.9680
0.2372
0.1245
-2.6587
-1.1800
0.6215
3.4759
0.2687
0.3797
-3.1218
0.7502
1.4764
1.6122
1.5446
-3.1550
0.9234
-3.4888
-0.7990
2.1181
1.0482
-3.1700
-2.0339
-1.7959
1.7224
1.1030
-0.0880
-0.5344
-0.3349
-0.6260
-3.7987
-0.5383
0.5498
0.0797
-0.7880
-1.5490
-0.1361
-0.0246
0.1580
-0.0081
0.9688
-0.5696
-0.7759
-1.7264
-2.9239
-5.2054
0.1229
-3.0094
-2.5854
-0.8000
-0.2726
1.8638
-2.0727
0.1188
2.2168
0.4684
-0.1775
0.9038
0.6567
1.5059
-0.5804
0.0953
-1.1252
-1.8709
-2.5514
0.3369
-3.3900
0.1365
-2.5651
-0.7795
1.0245
0.6096
-1.7154
1.0365
-0.1038
-2.9977
-2.0286
1.5385
-0.9299
2.2646
-0.0070
-1.3327
1.2687
-2.0350
-0.7750
-0.9194
-2.6991
1.1011
-0.5883
-0.8738
-1.0618
1.7278
-0.1426
-1.8349
0.6929
-1.7716
0.7092
-2.3129
-0.4199
0.5591
-1.5489
-0.6786
-0.3823
0.3503
-0.4127
-0.4688
-0.7787
0.7918
1.0548
-0.3946
0.0639
-0.1802
0.1634
-2.2396
1.6499
0.0922
-0.2506
-0.2156
-0.6814
2.2266
-0.0989
-0.7419
0.3084
-1.1101
-0.6930
1.3590
-0.7939
0.3538
0.2401
4.3602
0.8493
-0.2278
-0.2358
2.5514
1.4877
1.9939
-0.7345
1.3616
0.3103
0.7301
-0.1460
-0.0198
-0.5793
1.1923
-0.0457
-0.0473
0.0888
-0.1607
-0.3517
-0.1181
-0.0019
0.0766
-1.0241
-1.4173
0.7550
1.3966
-3.7630
-2.7417
0.1900
-2.4125
-0.6798
0.3395
-0.3721
-0.8061
-0.6856
-2.0678
-1.7879
-4.5983
-0.3014
-1.7474
1.0991
1.1692
0.9970
-1.1810
-0.4458
-3.0560
0.2932
-0.5128
-0.3165
-0.7776
-0.4626
4.2330
-1.3116
0.2332
0.2597
-1.6333
-1.0155
-1.2062
-1.5977
-2.1386
0.1598
-1.0111
0.0537
-0.6958
-0.5226
-3.9575
-3.4589
0.0803
-1.0244
-3.4870
1.2411
-0.9879
-1.5741
-0.3548
-0.4391
1.7033
-3.7539
1.4368
-1.9779
-1.7115
-4.9549
-2.3747
-0.6713
2.1249
1.4752
-1.2377
-2.5293
-1.9027
-1.0857
-2.4008
-0.6901
0.9569
1.6133
-1.4810
-1.3818
-0.9232
-1.3284
-0.8285
-0.7290
-0.6745
3.1336
-0.0926
-0.3308
-0.3991
0.3532
1.2586
-1.2814
-0.9184
3.2788
-1.0235
1.2309
0.7912
-0.5384
0.7188
0.9406
0.7326
-1.5655
0.6977
-0.5310
-1.9888
2.5464
1.7190
0.6135
-0.0451
-1.7190
-0.5371
0.5618
-0.3932
-0.3071
0.5202
0.2553
-0.0809
0.1597
-0.1759
-1.3538
-0.7157
0.7312
0.7293
-2.7983
-5.7044
0.9571
0.3219
-0.2401
-2.7300
-1.1715
-3.8758
-1.7222
0.1901
-2.6795
-1.1949
-2.4165
3.2235
1.2210
0.1662
-0.5582
0.0575
2.5734
-1.3025
-1.0920
-1.4661
-0.5669
2.1119
-1.2262
1.3251
0.3631
1.8513
-0.8012
-1.1109
1.6871
-0.1236
0.1936
-1.2486
-0.8118
1.2022
-0.1344
-4.2799
-4.2615
0.2670
-0.4214
-0.7118
-1.1801
4.9037
-3.9949
-3.3667
-1.1484
1.0439
-1.1236
-3.3852
1.4604
1.2356
-0.4927
1.3216
1.8311
-1.8235
4.6078
-0.5644
-0.6477
-0.7150
-1.6717
-2.6637
-0.6065
3.1559
-3.2152
-1.7042
-0.5587
-1.5307
-0.6539
0.3036
-0.2362
0.1215
0.0194
-0.7600
2.6669
-0.3548
0.0156
-1.5165
-1.6692
-0.8146
-1.2714
0.4941
0.3791
-1.7316
2.0392
-0.5020
2.0903
0.4863
-1.8595
-1.6364
-2.4459
-1.4826
0.3527
0.6702
-1.6715
-1.2254
2.2269
0.0035
-0.9044
-0.5349
-0.9846
-0.3044
-0.4598
-0.4208
-0.0648
-0.2836
0.1071
0.0058
-0.4257
0.2056
-0.3790
1.0995
-1.9707
-2.1676
1.0380
-5.9833
-0.1634
0.3141
-0.7931
-0.0176
-2.5004
1.4827
-3.1075
-3.9013
-3.2760
0.0028
1.1395
-0.5261
2.4245
1.5210
0.1594
0.2428
-2.2280
0.9055
0.7094
-3.7528
-3.5195
-1.6294
1.7810
-1.8114
-1.7134
0.0709
-2.6476
-0.5167
-1.6807
-3.6733
-0.5850
1.2061
-0.0651
-2.4482
2.6039
0.5175
4.4724
-3.0659
-4.2700
-2.0012
-2.3821
1.8661
0.1900
-2.1379
-0.1865
-1.6737
-1.6193
-2.0106
-2.0835
-1.5674
-1.7274
-2.2447
1.6826
-1.9096
-0.9356
-3.3319
-1.7853
0.5638
-0.7079
0.8189
-0.0311
-1.5861
1.2071
1.5553
-0.7755
-1.0606
2.4920
-0.0985
0.8752
-1.0114
-0.6648
-0.6246
0.0513
-0.6634
3.4602
-1.3580
0.3043
-0.4822
-0.3504
-0.5408
-0.4564
-0.9362
-1.2790
2.9388
-0.7118
0.9129
0.2388
0.5637
1.2900
-0.9015
-0.5953
0.5659
0.3593
0.0679
-0.9176
-0.2571
-0.2836
0.0307
0.1102
-0.0729
-0.0122
0.1002
0.0014
0.2510
0.1387
-0.9663
3.4606
2.7072
-1.6541
-1.3331
-2.1396
-0.5600
-0.9315
-0.6048
-3.7787
-0.5062
-2.0910
-0.5623
-2.9322
-1.7799
-1.4355
-1.5935
-3.5730
2.5926
0.1522
-1.5033
2.7718
0.9693
-0.1557
0.9564
-3.0939
1.8620
1.1262
1.5301
-0.2326
-0.6460
-0.7428
-2.4978
-0.8697
-2.9632
-0.6463
-3.1840
-1.0334
0.6964
1.6342
-1.3097
-0.4111
-3.2552
-1.2736
-2.6780
0.2282
-1.0340
-3.1321
-2.2265
-4.5135
-3.1973
-2.5916
-4.4153
-1.6638
-0.9733
-0.5237
-2.1569
-2.9847
-1.6396
-0.5278
-0.6813
-0.2988
-1.2763
1.8228
-1.8573
-2.0444
1.8155
0.7415
0.7203
2.3184
2.8704
-1.9075
0.7036
2.8202
1.6327
0.2273
-1.9777
0.3228
0.6637
-0.1982
-0.1968
1.8269
2.3302
0.1908
-0.3364
0.9420
0.9016
1.7801
2.6053
-0.0527
1.5163
2.7885
1.6576
0.3943
0.6982
0.6683
0.2342
1.3821
0.6415
1.0510
-0.7654
-0.4536
2.3685
0.8118
0.9901
1.2709
0.5537
-0.0077
-0.4664
0.0381
-0.1987
0.1518
2.0877
-1.4789
-1.3941
-0.2860
-0.1668
-0.7521
0.4259
0.0852
-0.2471
1.0901
0.7216
-1.0747
-1.9527
-1.0618
-5.8971
-0.5675
-0.0429
0.8548
1.8041
-0.9386
0.6662
0.8171
1.6563
-0.1708
-0.2017
-3.3387
-0.3460
-0.3100
0.2007
1.4840
-0.2108
0.0596
-1.7908
-0.4819
-2.8247
-0.7758
-4.7489
2.4841
-0.7774
0.1005
-3.8466
-1.5260
-2.9009
-1.5412
1.5936
-0.9634
-4.0060
-2.1887
-4.4826
-2.4729
-1.7518
0.4783
-0.1302
0.9121
-1.7930
-0.1373
4.5265
1.2136
1.6501
0.1829
-0.8967
-0.0621
1.7967
-1.4824
2.2991
-0.5949
5.0264
0.0073
-0.3656
-1.2845
-0.2375
0.6694
-0.6813
-1.5427
-0.1752
0.8802
0.6972
-0.6994
-0.0228
0.0533
-0.6660
-1.7561
-0.9421
-1.1889
-0.4280
1.6887
-0.4729
-0.4545
3.3139
2.2783
0.0788
-0.1279
1.5073
-0.7924
-1.1144
-0.2906
1.0525
-0.3031
-0.4788
-0.5974
-0.0372
-0.6861
-0.1680
1.0260
0.0767
-0.2965
-0.0295
-0.0403
0.2164
0.2241
-0.0806
0.2443
-0.5062
-5.6164
1.6272
-2.8654
0.1070
0.4314
-2.5782
-0.3121
0.6139
-0.8392
-0.2372
-0.1762
1.4454
1.1291
-3.5949
-1.3874
-1.3199
-1.9990
-0.7059
-0.6331
-0.0677
-0.2265
0.2251
-1.5450
-0.8835
0.2385
-0.0891
-2.9208
1.1626
-0.1918
0.6690
2.0137
-1.9290
2.0096
1.0661
-4.4253
-0.6442
1.9462
-2.0086
-0.0012
-5.7849
0.7356
-0.7615
-0.4494
-1.0685
-2.8093
1.5333
-3.1425
2.4434
0.6263
-1.1646
0.2987
-1.2983
-4.2371
3.8041
-1.7038
-1.4525
1.0446
0.3890
-2.5083
3.9411
-0.6262
5.4830
1.7091
-0.2589
-1.4078
0.2653
1.1724
3.6587
0.3510
-1.2934
-0.7410
-0.9057
-0.8070
0.3431
-1.1570
0.9790
-0.5451
-0.2107
0.1601
1.2492
-0.2450
-0.1630
-0.2359
-0.5442
-0.6279
1.0439
-0.1295
-0.0644
0.1587
-0.0907
-0.2625
0.2232
0.0774
0.4715
-0.0498
-0.5029
-0.1645
0.3006
-0.6365
0.2413
1.4193
-0.3917
-0.3837
0.3071
0.1380
0.3697
0.1453
0.0521
0.0301
0.1020
-1.5834
-2.9695
-1.3209
-3.1071
-2.8626
-0.9134
0.8902
0.5797
-0.3162
-1.5506
-0.7581
-1.1090
-1.2159
-1.4528
-0.5924
-0.5718
-2.1574
-0.3811
-2.7315
-2.6261
-1.5395
-0.0421
-0.1607
-1.4047
-0.0959
-0.7775
-0.4210
-1.4290
-0.0313
0.3592
-0.9838
-2.1785
1.1714
-3.9022
2.8035
-2.4734
1.8718
-2.3567
0.4690
1.2279
0.0876
-4.3876
-0.3017
-2.9327
5.3906
-3.4226
-1.4786
-0.1799
-1.5144
-0.9245
-1.6920
-0.4954
-2.1545
0.5067
-2.2104
-2.4663
-2.1248
-0.9259
-1.6182
-3.0025
1.2137
3.6314
-1.6238
-1.4334
-0.4223
-1.4602
-0.3670
-1.3311
0.2051
-1.8954
3.1432
-0.7475
-1.6370
-0.5683
-0.6591
-0.4803
-1.0077
-0.2281
0.0953
0.0747
-0.7461
1.3924
0.0625
-0.6083
-0.2852
-0.7314
-0.4794
-0.5818
-0.9730
-0.2676
-0.4870
-0.4113
-0.2254
-0.0748
-0.3052
0.1413
0.4361
-1.6060
-0.0355
-0.4015
-0.1027
0.6436
-0.0071
-0.1827
0.0894
0.0260
-0.0581
0.0826
-0.0810
0.0174
-0.0904
0.1891
0.5078
2.6840
0.6659
-4.1773
-3.2378
1.0234
0.2636
-2.5964
0.2567
-1.0789
-6.2659
-1.8083
-1.5543
1.6124
-0.4569
1.2196
-0.2672
-1.3596
-2.0697
2.9655
-1.1114
-0.1751
-0.2316
1.5719
0.2004
0.2909
-0.0150
-4.2861
-0.1834
-3.4145
-1.0452
-0.5664
-1.5562
-3.0887
-0.8008
-2.5836
-0.1898
1.9182
-2.0564
1.9924
-0.0077
-1.0979
-1.1425
0.2925
-6.8963
-1.0709
-1.2054
1.0203
2.2007
-1.9737
0.7483
-0.5715
-4.2616
-1.6927
-1.8640
-2.7274
-0.8350
-0.3908
-0.6750
0.0329
-1.3572
1.3851
-1.5254
-1.8750
0.0173
-0.3901
-0.2384
1.5681
-0.8734
-0.0955
-0.9937
-0.5222
0.1829
-0.5537
-0.0351
0.3058
-0.2161
-0.1557
-0.1448
-0.3984
0.1857
-0.2852
0.1826
-0.3380
-0.3649
-0.3316
-1.3160
0.1474
0.5883
0.2238
0.5389
-0.0367
0.0032
0.1726
0.4369
-0.1438
0.0355
-0.1844
-0.2062
0.0845
0.0602
0.2695
0.1677
0.3806
-0.1710
0.2153
0.0821
-0.1687
-0.0036
0.1393
0.0680
0.0725
-0.4746
-1.1792
0.5795
-1.2434
-1.8590
-3.3753
1.0728
-1.9176
-0.8301
0.8310
-0.9930
-4.2066
-3.2464
-0.6589
1.7067
-2.1827
2.3953
-1.3930
-5.5120
-1.0984
0.1367
-0.5965
0.8808
-0.1357
-2.5374
-1.1641
-0.4828
-0.1062
1.9556
0.1549
0.1411
-2.2320
-4.7231
-4.6261
-0.7962
-0.1364
-1.9803
1.3085
0.5077
-1.0413
-0.6610
-3.7967
-1.0057
1.8185
-0.2819
4.3211
-2.8981
-1.4489
-0.3851
-3.7123
-1.9726
-1.4138
4.3631
0.5278
0.4906
-2.3302
-1.2355
-1.7899
-2.2437
0.5486
-0.1721
-2.5491
-0.2113
1.6956
-2.5067
0.0954
-1.3305
-1.2861
-1.0596
0.5166
3.1210
1.2432
-0.5651
-2.5560
-0.2838
-0.5159
-1.6246
-0.8878
-1.9580
0.9208
-0.3863
0.0180
3.3264
-2.2645
-1.1493
0.5327
-0.8792
-1.1433
-1.5344
3.5114
-1.7521
-0.3243
0.7942
0.8903
1.8251
-1.0664
-0.5825
-0.3195
-0.2227
-0.7787
-0.0538
0.1043
-0.8884
-0.9775
0.1280
-0.2927
-0.1055
-0.0144
-0.0009
0.1256
0.0754
-0.1315
2.0808
-0.5190
-0.2074
-2.9701
-2.2711
-3.0253
-0.8679
-1.0961
-2.2664
0.3564
-0.9724
0.1709
-1.3192
1.9432
-2.6486
-1.4526
-6.0750
0.4490
-6.2901
0.7575
0.5596
-2.1195
-3.5954
-0.2172
0.1950
1.6129
-1.4531
-1.8645
0.9065
-1.8925
0.0155
0.4475
2.1041
-1.7470
0.6463
-4.1000
0.6386
-2.2541
1.5166
1.2325
0.0857
-0.8725
-2.6780
-1.3118
-0.6502
-3.3741
1.3166
-0.8001
2.9021
-3.0280
2.3796
-0.4213
-0.8549
1.3991
-1.4550
-3.0391
-1.0731
-1.7434
1.1086
-2.3791
-0.9917
1.4238
-0.8530
0.0186
-2.4912
-0.0582
-0.4674
-1.0806
-0.1948
0.1975
-1.6830
0.9411
-0.4162
0.5692
-0.6664
-0.4301
-0.9182
-0.3851
-0.8775
-1.2127
0.0662
0.9157
0.4654
0.7606
3.4791
-0.1587
1.6511
0.1584
-0.4991
0.7364
1.2756
-0.7546
1.2217
2.4509
-1.6638
1.3718
0.0618
-1.2531
0.3622
0.2744
-0.6826
0.0674
0.1961
-0.5457
0.1897
0.0629
0.0911
-0.2532
-0.0641
0.0022
0.0293
-0.0583
-0.9015
0.7232
-0.4771
2.9609
1.1448
-3.9715
1.5932
0.1451
0.5133
0.2823
-3.1543
-2.7657
1.5663
1.4609
-1.4166
-0.0191
-0.7764
-1.9493
0.1849
0.8122
0.5157
-1.3336
-1.4020
-0.5790
-1.1617
-3.5770
-0.1655
2.2041
-3.9779
1.2436
-0.9771
-1.9261
-0.9089
-0.3686
-5.5983
-1.9485
-3.0545
-0.6321
-1.2774
1.7476
-0.1961
-0.1417
0.0741
-2.6795
0.5295
-2.4018
-0.4438
0.1491
-2.5609
-2.0598
-1.8330
0.0646
-1.8685
4.0512
-1.9502
-0.5528
-1.0053
-2.0359
-2.5030
-1.9187
1.9538
-0.7752
-0.4083
-1.3386
-1.7393
3.1818
-0.6733
-1.9160
-1.4373
2.4876
3.3236
-1.0772
-0.5525
1.2449
0.3239
-0.0551
0.0414
0.0670
1.8340
-0.8718
-0.2817
1.4715
0.0482
0.0384
-0.2807
-0.6200
-0.9975
-0.0719
-0.1620
0.4907
-0.6972
0.8469
0.1700
-0.5248
2.1273
0.0623
-0.2841
0.4934
0.7344
0.1184
1.7006
0.2680
0.2885
-0.0830
-0.0550
0.1323
-0.0164
0.2323
0.0572
0.0572
-0.0877
-0.0030
-1.2006
-2.6789
-1.2008
-0.3147
-0.0327
-0.6445
1.6874
-0.4600
1.0888
1.6047
-1.2314
-0.2645
-2.2408
-1.5722
-2.1528
-4.8433
-2.9655
0.0926
-0.8883
0.7805
0.6095
-1.3192
-2.7806
-2.1411
0.1185
-2.5345
-0.4572
-0.9863
-4.7442
-1.6103
0.3651
-0.9153
-3.4558
0.2600
-0.3754
-0.7183
-1.6964
-0.3034
-0.2809
0.9892
-0.1264
-0.3851
-2.8691
1.4098
1.1136
-0.4101
1.8657
-0.5727
1.0114
1.1970
1.8476
0.4651
0.3951
0.6983
-1.8001
-1.8396
0.2128
0.0896
-1.5095
-1.8651
-1.6343
-0.1660
-0.4888
-1.5861
0.3669
-2.2171
0.2615
-1.4968
-0.2971
0.0410
-0.0008
-0.1511
-0.3721
-0.0387
-0.0004
0.0158
0.1484
0.0175
-0.1617
0.1839
-0.0382
-0.4296
-0.3552
-0.0701
0.3121
0.6500
-0.4323
-0.1494
-0.5373
0.5012
-0.3891
0.3467
-0.2527
0.1324
0.1532
-0.3527
0.0978
0.7440
-0.1639
0.0845
-0.1826
-0.0601
-0.3079
0.0699
-0.1744
0.0439
0.1040
0.0638
-0.0487
-0.1306
0.0393
0.0324
0.1749
-0.9801
-3.3048
2.5394
-5.0712
-1.1976
-3.1009
-2.3953
-2.9255
0.0807
0.2193
-1.6393
0.6437
-0.7714
1.7356
-0.6518
0.5812
-0.5180
-5.8647
-0.7777
-1.7536
-1.8750
0.1331
-0.5284
0.0143
-2.8299
-0.2708
-3.4062
0.1608
0.2195
-2.2519
-0.8300
1.2043
-5.2380
-1.7625
-0.3359
-2.8983
-0.4902
1.0574
-1.7920
0.0086
-2.1438
2.4989
-3.8130
-3.6270
-1.5290
-2.5383
1.6093
2.2087
-4.0045
1.5266
-0.0515
-3.1753
-0.2792
-2.5689
1.4427
0.1279
-3.9619
-0.6734
-0.1133
-2.5078
-2.2099
-0.9189
1.5580
-1.5209
2.1649
-1.3021
-2.8238
-3.1515
-2.7775
-1.2180
-3.2067
-0.1326
-1.0059
-1.3847
-0.6727
-2.7714
-0.5876
-1.3443
0.3569
0.0233
1.8947
-1.5192
-1.9003
1.1537
0.0482
0.2363
-2.6472
0.5379
-2.5685
0.9303
0.5552
2.4620
-1.1367
0.6225
-1.0206
-0.6194
0.2012
1.8744
0.1171
-0.4233
-0.4742
-2.4302
-0.6533
-0.1083
0.0018
-0.5818
-0.1134
-0.1575
-0.0517
-0.0791
0.0034
-0.2501
3.4742
0.3937
2.5590
-2.3147
0.1602
-1.9914
-0.4025
-1.1787
-1.1697
-0.3112
-0.8066
-0.3922
-1.0214
-0.9154
-1.8219
0.3505
-0.8066
-3.2860
2.0226
-0.9656
0.5283
2.1514
0.5251
-0.9922
0.0690
-1.0104
-0.9079
0.2646
-0.5009
1.4330
-0.8809
-3.4012
0.2397
-1.2815
-1.9085
0.0030
-3.0345
-0.6210
1.1679
-0.1584
7.7908
-2.4871
-0.5448
-5.3257
-4.6118
-3.9598
-1.2723
-2.2479
-1.3366
-1.4544
-0.7046
-0.2540
-2.6110
-3.0996
-1.4933
-1.0394
0.6455
-4.4803
-3.5488
-2.0114
-2.9769
-0.2815
-4.2415
3.0681
-0.5149
-2.6284
-0.8580
-3.1301
7.1303
-3.1783
0.4046
-1.7769
-0.0643
-1.3218
-1.0725
-0.6097
-0.5493
-1.9918
-1.8097
-0.3051
-1.4569
-3.1781
2.3834
-1.5502
0.9646
1.0717
1.6805
0.5221
0.0331
-2.7783
-0.1743
-3.1532
-0.6730
-2.1600
-0.2081
-3.1412
-0.0690
0.4828
0.8352
-1.2355
-1.1890
2.1699
-0.5045
0.6611
0.6522
-0.3064
-0.0616
-0.5141
-0.0729
-0.2063
-0.0503
-0.8065
-0.8743
-0.7002
0.4811
-1.6016
-2.6180
0.2809
-2.1941
0.4708
-0.5556
0.1602
-0.7942
-0.7750
1.6226
-1.1171
0.0305
0.7840
-0.2167
-1.1089
0.4309
0.2572
0.5924
0.3343
-0.2555
0.3394
1.1732
0.2040
-0.7223
-1.0323
-0.3972
-0.3293
-0.6650
-0.6252
0.5189
-0.3244
-2.5052
-0.8889
0.0422
1.0100
0.6566
0.0086
-3.5877
-3.3442
-1.5823
2.1524
2.0071
1.1219
-1.0607
-6.1599
-0.0859
-0.3855
-2.1463
-2.2506
-0.4809
-0.4219
-2.2345
-1.3168
-2.1054
3.3482
-1.1243
-1.0527
0.0476
0.6679
-1.4634
0.2747
-2.6828
2.6442
-1.0742
-0.3323
-1.0293
-0.7244
0.3952
0.9761
0.3297
-0.8071
0.3657
0.9025
1.8678
-0.3726
0.7307
0.0008
-1.2379
0.7484
0.3995
0.4046
-0.5581
-0.9177
0.3296
0.2474
0.0186
-0.5939
0.5270
0.6439
0.1953
-0.0858
-0.4766
0.4171
-0.2661
0.4253
-0.0544
0.1322
1.0066
-0.1839
0.2530
-0.2106
0.0922
-0.0300
-0.0641
0.0827
0.0986
0.1587
-0.0476
-0.8489
-1.5849
-4.5821
-3.7595
-2.0239
-0.4116
-1.4147
-2.9688
0.1886
-1.6127
-3.6423
-0.7157
3.6283
0.7481
2.4394
1.8180
0.0459
2.1906
-0.3856
-3.1960
-0.5152
-0.9813
-3.0940
0.7188
0.5960
0.5990
-0.7716
1.5301
-5.1187
2.2805
-0.0425
0.1790
1.3490
-2.9336
-1.6726
-3.4949
-2.1612
1.4845
-0.0505
1.7235
-0.3508
-5.2861
6.0528
-2.3848
3.4145
0.1930
0.0922
-0.4672
2.3840
-0.6844
-6.3559
-5.4832
-0.6568
6.2660
-1.6906
-0.5350
-2.0728
-2.7108
-2.8583
-0.5017
-1.6350
5.7143
-0.8215
-3.5907
-1.8343
-2.9679
-1.5536
-4.5892
1.9047
-2.5814
0.3903
-1.9000
-1.9806
-0.5160
-2.1578
-0.7003
-2.3119
-0.5789
-2.3103
-0.1995
-0.6709
-0.5504
1.1512
-1.4422
1.0001
-0.0698
-2.4653
-2.0735
-1.1505
-2.1683
-1.7887
-1.7943
-1.3946
-1.8449
-2.1885
-0.2217
-0.7302
-0.8704
-0.8786
-1.2651
-0.1578
-0.5048
-1.6034
-1.5095
-0.1862
-0.3069
-0.2692
0.0233
-0.1821
0.0638
0.0170
-0.0808
-1.8476
1.2688
-4.6756
-1.4698
-1.8515
-1.0579
1.9773
-1.9454
-0.8053
0.6454
-0.4490
-2.3923
-0.3162
-0.2872
-1.6347
-3.6482
-0.5590
0.4404
1.0415
-2.1072
0.3229
0.6591
1.2183
0.4871
-1.1759
0.3992
0.3607
-3.7130
0.5933
0.4025
-0.0425
-2.1680
-0.8730
-1.1332
-0.8738
1.8059
-0.5553
-1.1832
-0.4162
1.5961
0.0676
-7.1919
1.5650
4.4611
-5.0126
-7.2596
1.5880
-0.1201
-7.1583
1.1524
0.2163
3.0044
0.1668
-2.8267
2.9451
-3.2328
1.9687
-4.8172
1.9700
-1.8853
-2.7347
-2.6573
0.5263
-2.8929
0.8327
1.7557
2.3290
-1.3599
-1.2388
-5.9573
-0.7841
0.3531
2.0402
-0.7236
-0.5057
1.1901
0.0321
1.4433
0.1587
-0.6047
1.6184
-1.0534
-1.4294
-1.6362
0.3264
-1.3557
0.5030
1.3844
-0.9218
-2.1322
0.3845
-1.0336
-0.5659
-0.0850
0.2798
0.0557
0.2508
-0.8229
-0.9843
0.4858
-0.0764
1.1877
0.2332
-0.6923
-0.2252
0.4848
0.3483
-0.1365
0.0062
0.1249
0.0420
0.0291
-0.6580
-0.6133
1.4091
1.4348
1.6391
0.8008
1.2129
-0.7215
-0.8491
0.2931
-1.9695
1.9211
0.0969
0.4017
3.7214
-0.3572
-0.9586
0.6857
-1.4209
-1.8819
-0.1714
-1.9130
1.3763
-1.9931
0.9377
-0.1501
1.2113
1.8005
0.4142
0.1797
-0.4628
-1.5021
-1.5877
-5.4714
-0.7482
0.8622
1.1800
-0.4045
0.5041
-0.0169
-0.2570
-2.0407
-2.7328
-0.5896
0.4568
-2.9351
5.7809
-3.1886
-3.6532
-2.3879
2.2508
1.7318
3.4157
0.0452
-1.3045
-3.4431
-1.2739
-3.1590
-0.9410
1.2929
-2.8593
2.1050
-1.2128
-0.3760
1.1718
0.5934
-1.6830
6.7179
-1.3974
-1.8355
-1.1892
-2.3025
-2.4123
1.3094
-1.9685
-0.1338
-1.6273
-1.6675
-1.3427
0.2356
0.1623
-1.4396
-1.1780
-0.7939
-0.7031
0.5634
-1.1758
-0.9149
-0.9438
-1.1777
0.1907
1.7988
-0.8860
-1.9680
0.7824
-0.8928
-0.6327
1.5517
-1.0896
-0.7741
-0.5254
0.1742
-0.0398
-1.0164
-0.1976
0.0627
-0.4210
-0.2011
-0.2737
-0.1503
0.1533
-0.0682
1.3539
-0.4741
-0.7964
2.3798
-1.6385
-0.0533
0.2288
-2.6541
-0.0002
1.1387
-0.3840
1.2402
1.7507
-1.6863
0.4309
0.1709
0.6097
-3.2071
-4.1211
0.8589
0.3634
-1.3405
-2.2812
0.0309
-1.0800
1.7731
-2.8687
-0.4346
0.0612
-1.2951
1.4200
2.9408
0.4691
-2.2663
-0.3485
-4.0660
-3.4965
0.9148
1.1826
-1.5214
2.0818
-2.5695
-6.6353
-3.3220
-3.0463
-6.2321
-1.1580
-3.4183
-3.2038
-2.0577
-5.0545
-3.4220
-4.8987
-2.0271
0.3171
-3.4042
5.5494
-4.3542
-2.8045
-0.9973
-1.4979
-2.0248
0.3528
0.1447
-1.4356
-3.0209
6.5918
-1.6338
1.1690
2.0463
1.5362
0.5023
6.2587
0.6862
-0.3950
4.2414
-0.4910
5.5462
-0.7217
0.8297
3.7551
-0.5855
1.6523
-0.1640
2.5839
0.7417
-1.0362
1.0687
0.8714
-1.4959
2.6112
0.7148
-0.2057
0.5255
1.0194
-1.2450
4.3852
-0.2301
0.3556
0.7669
0.0853
1.1042
-0.8371
3.5585
-1.0482
0.2436
1.3290
0.2474
1.1382
-0.2177
0.1357
0.0634
0.3204
1.5113
0.5959
0.1444
-0.7318
1.6303
1.3810
-2.6400
0.1973
-2.3074
1.1470
-0.1148
-1.0572
-0.1956
0.4596
-0.6097
1.3275
-0.6108
1.9845
-0.8198
0.8031
-0.7946
1.1704
1.2333
-0.5184
0.0261
-2.1335
-0.0763
-0.4295
0.3699
0.4359
0.7498
-1.0663
-3.1091
0.0997
-0.9612
-1.2955
-0.9287
2.0981
0.9813
0.0994
-1.8935
-1.6934
-1.2461
1.7198
-2.1908
-1.7054
3.6147
1.9109
0.4948
-2.4096
0.5768
1.2484
-1.4601
-0.5351
0.3308
-0.5963
-2.3496
-2.0670
-2.0081
-2.1847
4.4689
-2.0697
-3.2079
-2.7134
4.2153
0.0037
-2.0019
-0.4452
-1.1688
0.3820
-1.5103
-0.4154
-0.8924
-1.6013
-0.0786
0.9578
-0.1064
1.4063
-1.2554
0.0742
-0.8749
-0.9726
-0.0026
-0.3904
0.0401
-1.1138
-1.3631
2.9538
-1.8198
-0.7535
1.7692
-1.3719
-0.6374
-0.8405
0.3343
3.2003
-0.0144
-0.1829
-0.3710
0.2249
0.1896
-1.1870
-0.7315
-0.6384
-0.2364
0.4154
0.2980
1.0013
-0.1225
0.0762
-0.0309
-0.2863
-1.6059
1.1526
-1.4808
-1.8629
3.1955
0.6108
-6.7849
-1.5846
-2.8645
-1.3223
-0.5960
-0.8039
-2.2027
2.0955
-3.5511
-2.3052
-0.9353
-2.1610
0.2654
-1.6021
0.5429
0.9553
-0.6290
-0.3482
1.9924
1.0163
0.0305
-2.5129
-1.7368
2.1172
1.2717
-3.1236
-0.2011
0.7019
-4.3031
-3.6495
2.1583
0.0021
-1.6247


Weights 1->2:
-0.6201
-0.4136
-1.0238
-0.5225
-1.1173
-0.7419
-0.9361
-1.4025
-0.5971
-0.7049
-1.5379
-1.0741
-1.2826
-0.4416
-1.2004
-2.2657
-1.2249
-0.6532
-1.5497
-0.4182
-0.8249
-0.7327
-0.7394
-0.5618
-0.4831
-0.5967
-0.9496
-0.9503
-0.5489
-0.6414
-0.4161
-0.3377
-1.4207
-1.1886
-0.7453
-1.5766
-2.8821
-1.0647
-0.9185
-0.5977
2.9456
-0.3463
2.8097
-1.8424
-2.3429
0.6095
1.8039
2.0836
-1.8755
1.2008
-1.4312
-1.2896
0.8848
1.2859
3.1705
0.6070
-2.9158
1.0466
-1.2409
0.5818
-1.2156
0.7962
1.1237
0.7723
-2.5206
1.2918
3.7009
0.6818
0.6218
1.6260
-0.6245
0.3838
-2.0222
-1.8776
1.9601
0.9800
3.7758
-2.9661
4.0361
3.5188
-2.4512
0.8555
-1.3755
2.4804
3.6595
0.4993
-0.6752
-0.8386
2.3404
-0.3076
2.7454
2.4052
0.4630
-0.9270
-2.0104
1.7491
4.3602
-0.3319
2.3419
-0.0010
1.8944
0.1562
-0.3847
0.0748
3.4527
-0.5815
-2.5443
0.1116
-0.1263
-0.7635
1.1685
0.1008
3.4277
3.0339
-0.8270
0.7437
-1.0311
3.7348
-3.1382
-2.9868
-0.4957
-1.6754
2.2542
-0.4283
0.2365
-1.6054
-3.3354
-0.2102
0.7596
1.0443
0.1274
0.2308
0.4963
-0.3015
-0.1756
0.3021
-7.0211
1.7077
-5.2257
-4.0291
0.2588
0.7187
2.5626
0.7578
-1.5422
1.0381
0.8662
2.4706
1.5718
0.4016
0.4212
3.6069
-0.7061
0.2367
3.0109
4.4980
-0.2429
-0.6767
1.0162
2.2639
-0.5562
0.3448
-1.2854
0.1964
-0.0221
2.6602
0.4155
-1.3748
-1.8309
-0.2270
-0.9435
0.7762
-1.0294
-0.8690
0.2161
-0.1471
3.4253
-0.7118
1.9130
2.5659
-1.1602
-1.6577
-0.5484
0.6277
0.3649
0.8041
-1.5834
-1.3948
-0.4956
0.5999
1.4626
-3.7425
0.6842
0.9276
-0.8008
0.6873
0.2755
0.7582
-1.1526
-2.9143
0.9672
1.3650
-0.9166
0.1358
-0.3498
-1.2068
3.0090
1.6604
1.2435
-0.8857
1.0613
-0.7689
0.5868
0.8031
-0.1031
-0.2227
3.2408
-1.0045
3.0195
1.3794
0.7674
0.9594
-1.9860
-1.2323
1.0707
-1.5557
0.7441
-1.0848
-0.9672
-0.8279
-2.2748
0.0543
0.0538
-1.3021
-1.9574
-5.2726
0.0248
0.1913
0.2427
0.4225
-0.4255
0.8436
-1.7318
-0.2777
-0.3762
1.2050
-0.5850
-3.5195
2.7507
-3.8965
-0.4602
-2.1585
-1.1777
-0.1045
0.6337
1.1503
1.9386
2.8917
-0.3757
0.5661
0.6580
0.1700
1.6676
2.0281
-0.1696
-0.9918
-1.5683
0.3307
1.1234
0.7161
-1.9312
-0.5898
-5.0682
0.7077
-0.1507
-0.8501
-0.8249
-3.3159
-1.0862
0.0163
-1.9610
1.0407
2.5080
2.2467
0.6729
1.0209
2.4853
2.4903
-1.0270
2.3172
-0.5554
-2.6089
1.1193
-0.0051
0.2121
-2.2242
-4.1432
-1.0879
-2.5383
-0.1172
0.8646
-1.6941
-1.8607
-2.8553
-1.5731
0.8230
1.6677
-1.2760
-0.6352
0.9691
1.8929
1.3135
5.0283
-0.3973
0.4547
1.4445
0.1678
-2.1111
-0.9338
1.6086
2.5580
-1.7637
-0.8554
-1.8140
-0.4078
-2.4866
-1.8793
0.9949
-1.6005
1.6566
0.7310
4.7090
0.0125
0.0064
-1.1354
1.3600
2.0213
-1.7551
3.0073
-0.9349
-1.8931
1.2675
0.1748
0.8675
1.9625
0.1287
-0.4565
0.9134
-0.6912
-1.6351
-0.1375
-0.3929
0.2229
-0.4122
-0.3473
-0.8833
0.8224
5.4828
2.2361
-1.6373
1.4411
-1.2340
-1.4414
0.1773
-0.1042
-0.6460
-1.2638
1.5143
1.9210
-3.2791
-0.1161
3.1321
0.2761
1.1415
1.5154
2.3253
-2.7748
-0.0118
0.7419
1.0934
-1.1824
-2.1632
-0.4620
0.8062
1.8581
1.4611
-1.2127
0.7320
-1.7674
1.3123
2.7078
-0.4249
-1.9669
1.0206
0.6958
-0.2888
0.4415
-1.1908
2.7777
3.4960
-1.1937
1.1889
1.0624
1.1054
0.6074
-0.7063
2.4958
1.1924
-0.8117
-1.0180
-0.2274
-2.9466
-1.0799
-0.5820
-1.1880
-0.3236
7.1744
1.5780
0.0786
-2.0911
0.9154
1.4843
-0.0455
0.7589
0.0221
-2.3573
1.0563
0.2954
0.2832
-2.2224
-2.2512
-0.4886
0.8859
-0.5089
0.2199
0.6325
-0.8445
2.3684
-2.2498
-2.8489
0.0125
0.1967
0.8309
-1.4772
-0.3823
1.0993
-1.1829
-2.9542
-1.0629
4.2726
0.1343
-0.3604
0.8762
-0.4449
-0.4575
-2.0234
-4.2701
-1.4055
-0.8588
1.1704
0.2246
0.8001
0.4617
-1.2151
-2.0823
0.9600
-0.0250
-0.7601
1.2664
1.1691
-0.6145
1.0259
1.0578
-0.3367
-0.8547
-0.5482
0.2108
-1.2549
-0.2841
-0.7767
-0.1391
2.4684
-0.2630
-0.8460
1.0631
0.0954
0.5230
-1.7448
-1.8857
-0.2649
0.7460
-1.3962
0.3879
-0.8125
2.1725
-0.9487
2.7440
2.4862
-2.2105
-1.6025
1.0276
-1.4868
-0.4647
-0.1692
1.1563
1.2681
0.4287
1.8548
1.7104
-2.3314
1.9643
-1.7599
1.8013
-0.8388
-0.6967
1.6251
1.8506
1.6879
3.1959
1.3972
0.3728
-1.9006
0.2595
2.8381
0.3486
2.2237
0.4854
-0.4256
0.3982
-0.9664
1.6685
0.0234
0.5805
0.5186
0.1245
0.9902
3.5821
0.3217
1.6797
0.6162
-1.2948
-0.8881
-1.4024
0.7860
2.8268
-2.3872
2.0126
-0.5518
1.6581
0.5448
-1.5354
0.1030
0.9836
-2.0459
-0.3274
-3.3652
-1.2991
0.6274
-2.2932
-1.3638
0.5857
-1.2927
-1.0995
2.0309
-1.8855
-0.6824
1.0610
0.7018
3.5861
-0.4688
-1.1845
-1.2025
-2.4060
-0.9966
-0.4948
-0.8817
-2.0601
-1.7589
0.5407
0.0331
-0.0496
1.5565
1.3448
-0.9721
-3.0577
0.5091
-2.5924
-4.1067
-0.1083
-0.3931
-1.2855
-0.1215
-3.0789
2.1343
2.0100
1.8555
0.8588
2.3602
0.3574
-1.3250
-0.7887
0.6960
1.2494
-4.3273
0.1864
-1.9443
-2.2306
1.3430
-2.0330
1.4940
-1.1394
2.7055
1.3767
1.2234
-1.8744
1.1518
-4.3185
-0.9098
0.0587
0.8029
0.4780
0.8756
0.5683
0.5425
-0.8134
0.6795
0.2424
3.0431
-3.2743
1.8258
0.8645
1.8018
0.3586
0.6443
-1.2056
0.1400
-1.3898
-4.0414
-1.6189
0.9636
-0.1427
-0.8790
0.5612
-1.3513
-1.4125
0.6328
2.2306
1.2443
-3.7057
0.5907
-3.0554
-0.5786
0.7398
0.5978
1.6567
1.6507
-0.7151
0.5895
-1.4288
-0.4472
-0.9783
-0.6499
0.2588
1.6890
-0.5614
1.1734
-0.8819
-3.6456
-3.1899
-0.5714
-0.1451
-0.9935
-0.9703
-4.9319
3.0407
-1.6908
3.5781
-0.0496
3.3608
0.2536
-1.7054
2.1015
0.4522
3.9626
0.6221
0.0481
-0.7693
-1.2269
1.7123
1.2796
0.9927
1.1958
0.1135
-1.5733
-0.9372
-0.7940
-1.0711
0.8657
-2.5839
-1.0436
1.8920
2.3319
-0.4908
0.4074
-0.7160
-0.7177
0.2069
1.9590
-2.6273
-0.6928
0.5666
2.5420
0.7053
0.9573
-0.9484
2.1488
-0.7139
-0.5587
-0.0025
-3.4452
-1.7550
-2.4294
-3.0033
-2.1819
1.2776
-1.9204
-0.6289
-0.5827
-0.9565
-1.5772
1.0404
3.3217
-2.7627
0.6328
-1.2915
-0.3844
4.3139
-0.0658
3.6031
1.3365
-2.4565
0.6353
-1.9522
-0.1754
0.3952
-1.4838
4.1537
2.8006
1.5610
0.7263
1.7114
-0.2786
0.7668
0.9857
-1.2007
-1.0350
1.1233
3.2572
0.3934
-0.4199
1.8757
0.9320
1.4112
-0.8679
0.0738
0.1182
1.0955
0.4530
0.5124
1.5633
0.8404
-3.7758
0.2281
-0.7589
-0.2171
0.5663
0.8295
0.1221
0.4115
1.4527
1.3258
-2.9207
-0.3953
-2.8744
-1.1855
-0.3112
-0.5417
1.7436
0.1726
0.3447
-2.3180
0.1987
0.3407
1.2476
2.0900
0.5745
-1.3246
-0.2520
-2.4991
2.1934
2.0450
0.6102
0.2509
0.5653
-0.3608
0.8219
-1.9784
0.0401
2.2730
-1.7818
0.5382
-0.4166
1.7663
1.0356
0.8444
-0.8271
-3.2067
-1.6153
0.0172
-1.5634
0.2495
0.6401
2.6896
0.9332
1.6695
1.2193
-2.9245
-2.5669
4.2684
0.4140
0.2012
-1.4521
-0.5691
1.6244
-3.0068
0.3529
-2.2355
-2.2270
-1.3687
1.6883
1.4141
-1.2437
4.0205
-2.7324
-2.8348
-1.2870
2.4646
2.0791
1.7995
0.5225
-4.7994
3.2482
1.0510
1.1418
-0.8976
1.0049
-0.6181
-2.2266
2.6792
-0.5568
-2.5494
0.1932
-1.0446
1.0283
-1.4346
1.2904
-1.5539
0.7666
0.2130
0.3284
-0.3474
-0.8806
-0.8569
-0.8073
-0.2085
-0.8114
1.5874
-0.5467
3.6153
-1.8258
-1.2177
2.9259
1.0240
0.8347
0.7721
-0.7177
1.3005
-1.4925
-0.9740
0.5007
1.7751
-0.8408
-0.5634
3.9401
-0.6456
2.6432
1.8570
1.0372
-0.0153
2.8539
2.8201
-0.9969
-2.4144
-1.7405
1.7305
-1.9970
1.1373
-0.1923
0.8025
-0.6675
0.5468
-0.8691
1.2055
0.1909
0.8728
1.6378
-1.1620
0.4461
-1.3327
0.6304
0.6819
2.2600
0.6470
-0.2333
1.5299
1.4220
-1.0050
1.6582
-0.3073
-3.8497
1.0463
1.4030
-1.5137
-1.4923
-2.2684
-0.2231
-1.7656
-1.0552
-1.4164
0.0627
1.0743
-0.0669
2.0516
1.0025
2.4903
2.4966
-1.3237
-0.1720
0.3083
0.4311
1.5779
-0.2864
0.0831
1.7227
1.2060
1.3262
-2.3861
2.8074
0.0081
1.8684
-1.1240
-0.6764
-1.6410
-0.9937
-2.2133
-1.1702
-1.5473
-1.4900
-0.5155
-0.9801
-3.7994
-1.3744
-2.7608
-0.7073
-0.4743
-3.3197
-1.3836
-1.0701
-0.8667
-0.2844
-3.9547
-0.5414
-1.1271
-1.4065
-0.9103
-1.1786
-1.2184
-0.5409
-0.6019
-1.0553
-0.6760
-0.6015
-1.3787
4.1091
-0.6931
-2.5426
2.6281
-1.0677
1.3730
0.1577
0.6679
-1.7611
-1.3232
1.0784
1.0320
0.7530
-2.6571
-0.2426
-1.3128
3.0603
2.6184
1.4597
2.0344
-2.0383
1.2648
0.3571
0.9235
4.7384
-2.3269
-1.4454
1.8893
-1.4916
4.2625
-2.2662
1.0110
-2.5125
0.3279
0.7180
-2.7435
0.2771
-0.8886
2.2607
-1.9569
-1.0304
-1.9823
1.1200
-2.0893
-1.8372
-3.7579
-0.7248
-2.6155
0.4855
-0.7803
-0.9155
-0.2580
2.0078
1.7374
0.2161
2.2302
-0.9708
0.9593
-0.8517
2.5117
-0.3739
1.4114
1.5437
1.7908
-0.0266
0.2922
-0.1144
-0.8211
1.4117
-0.5523
2.7513
-0.7122
0.4803
0.8158
1.2596
-0.0075
-0.7484
0.3571
0.3064
-2.3804
-4.0564
-0.1651
-1.8533
2.6932
0.4923
0.7559
0.0577
2.2813
-1.6332
-2.3205
2.5495
2.3724
-0.9445
-0.3159
-0.7522
-0.9830
1.5839
1.5521
-2.9687
-1.0489
-0.1015
1.0902
-1.3649
-1.1756
-1.5037
1.8504
-0.3584
1.5776
1.7877
-0.8662
0.0364
-2.2725
1.0849
2.1410
-1.5614
1.5016
1.1766
-0.4207
-0.1592
4.9487
-0.1935
1.1393
1.0601
-1.3352
-0.3622
-0.9203
-0.2471
-0.4698
-0.1714
0.2993
-0.2594
-0.2107
0.3749
-0.9897
0.5579
-0.2705
-0.4777
0.8364
0.4130
-0.8107
0.9529
0.0770
-1.7504
1.4095
-0.7217
0.6489
-0.4296
-4.0862
0.6467
1.6529
0.1537
-0.3272
0.0053
0.3780
-1.8328
-0.1763
-0.7608
0.6232
0.0445
1.8812
2.9108
-1.3594
-1.3138
-1.9664
1.9171
1.2118
-0.6427
0.2404
1.4263
0.3089
0.6232
1.2181
0.1656
2.1882
0.3699
-0.0479
1.1040
-1.1908
0.9423
2.4225
0.9181
0.1764
4.6084
-0.4541
-0.5735
1.0294
0.6726
-0.8413
-0.7299
-0.4222
-1.4038
1.3374
-0.2354
0.5326
0.4224
0.4704
-0.5356
2.3906
0.3717
0.5567
0.3484
0.1787
1.2435
0.1968
0.2051
0.2632
-0.2514
-0.2888
0.4515
-1.2731
-1.2096
-0.0499
-1.0333
-0.9531
0.1915
-0.3154
-0.4132
1.4533
-0.4680
-1.9230
-0.4330
0.4980
-3.3156
0.9251
0.2099
3.0073
-0.4697
-3.4832
1.5105
-0.3449
-0.1030
-0.3031
-0.2703
-0.3651
0.7989
-0.7287
0.6491
-0.4595
-0.0632
-0.0910
2.1896
2.7690
-0.9764
0.3192
-0.5798
0.8631
1.8853
0.4008
-0.8706
1.1101
-0.2517
1.0488
0.2140
-0.1887
0.0240
-0.8566
-0.2297
-0.6803
-1.6077
-1.5117
-0.4771
-0.5464
-3.2744
-1.6648
0.3916
-1.8001
0.1452
0.1738
-0.4034
-0.4760
1.3151
-0.3573
-1.3937
-0.3497
-0.2746
-0.7092
0.5065
-0.3124
-0.2865
-0.6416
2.7636
-1.1249
1.6469
-0.7519
-0.5675
1.9265
0.6868
0.1119
0.2073
0.8141
1.5431
0.2286
1.1311
0.3143
0.0860
0.5377
0.9040
0.6990
0.7272
1.4227
-0.5839
-0.1317
3.1970
1.9758
0.0010
1.0431
-0.1162
0.7917
0.2963
-0.4532
-0.5313
-0.2941
0.3578
-0.2082
0.3014
-0.6733
-0.8631
-0.1289
0.4180
0.3101
-3.5498
-0.1710
0.7377
1.8504
1.1085
-1.9509
-1.2766
-0.1900
0.4082
-0.2391
1.2737
-1.1833
-0.0956
-0.7097
-1.7382
2.7137
0.1037
-0.3429
-0.4911
-0.8106
-0.6438
-0.5536
-1.4666
2.5634
0.8216
0.0884
0.3244
2.0193
-0.3095
0.2706
0.7892
0.2762
-0.7715
-0.9471
-0.1000
1.7364
-0.2323
-0.3539
-0.1439
-1.4234
1.9204
-0.6331
-1.2586
-0.9283
-1.3397
-0.2330
0.0861
-0.2433
-0.2778
-0.0318
-0.2485
-0.8379
-0.2996
-0.4504
-0.6059
0.2335
-0.5744
-0.6781
-0.2379
-0.7202
1.4003
-0.3163
-2.0014
-0.8183
-0.5270
-1.2897
0.0341
0.7333
-0.1429
-0.3788
1.4738
0.2139
0.0977
-0.4967
-0.4826
0.7818
0.2510
0.1764
0.2000
-0.4865
2.0725
-0.3346
-0.8426
-1.3198
-0.1515
0.0645
-0.5432
-0.4301
0.3299
-0.9019
-0.2496
-0.2335
-0.0363
0.6310
0.3524
-0.0452
0.6504
-0.3053
0.7578
1.1466
-0.9891
-0.5585
2.6399
-0.1258
0.2550
-0.7594
0.3589
-0.0567
0.0172
-0.9400
-1.7954
-0.0750
0.7812
-0.2437
0.6371
-0.2726
0.4291
-0.4445
-0.1782
-0.7273
-3.8263
1.3508
0.5834
2.1420
-0.0338
-1.8657
0.0287
-0.0562
-0.3862
0.3494
-0.1808
0.0348
-0.5517
-0.1474
1.0139
-0.0200
-1.2068
0.5705
-0.5957
-1.0814
-0.1321
-0.1566
-1.7899
-1.1441
0.1750
0.0848
0.8659
-1.3562
-0.9186
-0.4918
1.1373
0.8436
0.2785
0.9078
-0.1833
-0.5881
-0.3824
0.3016
0.1307
-0.1902
1.2535
-0.3039
0.2301
0.5330
-0.4088
0.8198
0.6926
-0.0223
0.4372
1.4436
0.3702
-0.1292
0.5848
1.1913
0.4151
-0.1514
0.4378
-0.1713
0.1941
1.2307
-0.4773
0.5429
2.6294
-0.0401
0.3823
0.5426
0.3843
-0.6052
0.3796
0.8512
-0.7631
-0.5622
0.6526
-0.9126
0.2789
0.6763
0.5002
-0.2655
-0.1733
0.2159
-3.4106
-0.2921
0.3230
1.5513
0.4570
-1.9478
-0.1013
-0.5359
-0.5237
-0.5745
-0.6570
0.2356
0.1359
-1.0062
-0.2158
-1.0709
0.0323
-0.0180
0.1795
-0.7014
1.3331
0.3930
-0.9805
-1.2347
-0.3726
-1.3362
-0.4504
3.4140
-0.1030
0.9709
0.9771
-0.4979
-0.2339
-0.1531
-0.1657
0.0617
-0.6797
-0.1195
-0.3351
0.6539
0.6272
-0.5611
-1.2713
-1.2859
0.0011
1.0205
-0.1365
0.0899
-0.4104
0.4353
-0.4348
0.0152
-0.3131
-0.5316
0.3407
-0.4541
-0.0637
1.0485
-0.2647
-0.6161
-1.0084
0.1803
-0.9095
-0.5710
-0.1327
-1.1385
-0.5387
3.4705
-0.7190
1.0461
-0.6164
-0.6145
-0.8275
0.0557
-0.0668
0.1044
0.5509
-0.7530
-0.0978
0.1218
0.4913
-0.4925
-0.0267
-2.4285
-0.3413
1.3355
-0.6589
1.4104
-0.5011
-1.1249
-0.2473
0.2039
-0.1738
0.6843
-0.2645
0.0336
-0.1385
-1.2100
0.4573
1.5291
-0.2681
-0.0092
2.6341
-0.4881
0.2964
-0.3570
-0.4009
-0.4505
0.5242
-0.5584
-1.0103
0.0825
1.0991
1.1201
0.1109
-0.6638
0.0621
-0.5013
-0.1380
-0.2720
-3.7597
1.1184
0.4432
1.7996
0.2372
-1.8216
-0.0072
-0.2594
-0.3724
-1.2711
0.5198
-0.8868
0.9126
-0.6517
-1.4824
-0.1561
0.2634
1.3942
-0.8023
-0.2779
0.7959
2.0241
1.0051
1.4901
0.5035
3.5365
0.3738
-0.0533
-0.2637
0.9906
2.3069
0.1755
-0.6929
-0.7403
0.6915
-0.9679
-0.3240
0.0149
0.0635
0.2413
-0.2086
0.7370
-1.1091
1.4130
0.8555
1.4061
-0.0839
0.0360
0.1216
-0.0817
0.2296
-0.5760
0.3898
-0.1914
-0.0517
0.7312
-0.7233
-0.7892
-0.2466
-0.0552
2.0945
-0.0965
0.3275
2.1813
0.1518
1.4634
0.1597
-1.0929
2.7412
0.5937
1.6666
0.8347
0.3419
-0.3694
-0.2966
-0.0399
-0.3247
-0.7604
0.2090
-0.2435
1.7892
-0.1172
-1.1129
0.1501
0.1385
0.3678
0.2889
0.2592
-0.1306
0.0662
-0.1935
-0.5891
0.1450
-0.4658
0.6114
0.2720
-0.1506
-0.0069
-0.1593
-0.1771
1.4698
0.1255
-0.0210
-0.7687
-0.0064
-0.5080
0.0031
1.5205
-0.4050
0.1272
1.0126
0.4989
0.4577
-0.2743
0.3338
-0.3535
0.0116
0.3370
0.0174
-0.2735
1.7737
-0.1021
0.1282
1.3829
-0.2348
-0.6381
-0.1239
-0.0903
0.9838
0.4012
-0.0171
0.0856
0.0386
0.7285
2.2831
0.4579
-0.7491
1.2212
0.0350
-0.4447
-0.9154
0.8781
-1.4964
1.0252
-0.4469
0.3723
-0.4332
2.0720
0.4986
0.2707
0.3704
-0.6579
0.6795
1.0967
0.0222
1.1981
-0.5857
0.8044
0.0452
2.3693
0.3356
-0.4404
-0.6255
-0.3704
-0.3478
0.2683
0.1911
0.2788
0.4198
-0.3446
0.7963
1.5838
-0.8936
1.6944
1.5614
-0.3729
2.1200
0.0018
-0.1312
0.3525
-0.5600
0.0321
-0.0798
-0.7784
0.4545
2.8916
0.2595
-0.8244
0.7269
0.0916
-1.3177
-0.4566
-0.2519
0.0096
0.5152
0.4603
0.0258
-0.2931
0.0048
3.7663
-2.3223
0.6230
3.9654
-1.0705
-0.3303
-2.6778
1.3338
0.4590
0.3055
-0.1334
-0.3467
1.5504
-0.2091
-0.0831
-0.1382
-0.2454
0.2968
2.1548
0.0455
0.3459
-0.5264
-0.6862
0.7110
-0.4386
0.8665
0.2257
0.4111
1.3966
1.8345
1.9923
-2.0269
1.1804
0.7040
1.3723
-0.1268
-0.1391
0.2573
-0.4368
-0.1139
-0.6170
1.0346
-0.2665
1.5620
-0.4477
0.5485
-0.6892
-0.1717
0.3020
-0.0537
2.5978
-0.0512
-0.0554
0.1317
0.7639
-1.1068
0.2159
0.0697
0.8707
1.7507
0.9158
-0.0503
-1.0715
1.9293
0.4434
-0.2929
-0.1106
0.0940
-2.1847
-0.2858
-0.2676
-1.3518
-0.3634
1.0816
0.2935
0.0134
0.3023
-0.2547
-0.0133
0.2358
-0.1854
1.4731
0.2978
0.9955
1.5526
0.4181
0.7900
-0.5189
-0.2116
0.2237
0.7024
-0.2401
-0.6272
-0.1608
-0.2974
1.5123
-0.1985
-0.6582
-0.2385
-0.1234
-0.0975
0.7175
-0.7211
-0.7542
-0.6856
-0.3106
0.1199
0.4043
-1.5860
-0.5188
-0.1096
2.1943
-0.0725
1.1461
0.1947
-0.2377
1.9140
-0.1568
0.7046
0.1440
0.8302
1.3512
-0.2809
0.0158
0.3692
-0.0391
0.3559
0.1634
0.0197
-0.0419
0.0274
1.3110
-0.2395
-0.0650
-0.4850
1.4541
-0.2955
1.6888
3.1685
1.2506
2.0295
-0.7617
-0.2695
1.3412
0.4282
0.5566
-0.1896
0.4150
-0.5464
0.8431
-0.1506
-1.8684
-0.0670
0.0243
-0.2977
0.0449
-0.3936
0.5951
-0.3863
0.2885
0.7919
0.4373
-0.3011
-0.0398
-0.4608
-0.0857
-1.9768
0.1915
-0.0948
0.2275
-0.5995
-0.0501
-0.5242
0.9275
0.1513
-0.4471
1.2516
-0.1865
0.1766
-0.0400
0.0491
1.2327
1.4527
-0.2985
-0.6636
0.4946
-0.4833
-0.0814
-2.2752
-0.6288
-0.3022
2.0475
0.4629
1.0903
-0.2816
0.5206
-0.4323
1.2517
0.6782
0.5736
-0.5235
1.4981
0.1259
-0.5146
-0.4923
-0.2914
-0.1331
-0.2421
0.7018
-0.0861
1.4052
-0.3247
0.0230
-0.1358
-0.4822
0.1761
-0.2388
1.7930
0.4012
-0.1169
-0.3688
-0.1744
0.0633
-0.1277
0.9147
0.5440
-0.4061
-0.3761
1.7384
-0.2492
0.9456
1.0684
0.4490
-0.3205
0.6481
0.5519
0.9786
-0.2614
0.2877
0.2439
0.4511
0.6245
-0.1648
-0.3444
-0.1186
0.3136
0.5317
0.6979
-0.2138
-0.0170
-0.0029
-0.1564
-0.2589
-0.1196
-0.3720
-0.4754
-0.1140
-0.1048
-1.0951
0.3982
-0.2306
0.9420
0.3543
-0.5648
-0.5369
0.1292
-0.6049
0.1506
-1.5887
-0.0171
0.0163
0.3145
-0.0601
0.1427
-0.2821
0.0881
0.3641
0.2756
0.5843
0.1024
-0.2786
2.5944
-0.1401
-0.6308
-0.0332
0.5260
-0.1227
-0.2105
-0.2650
-0.0577
-0.6709
-0.1650
-0.1321
-0.0326
-0.2466
-0.4697
-0.2295
-0.2935
0.3404
-0.3216
-0.1646
-0.5397
-0.3795
0.3073
-0.3787
-0.2833
-0.2891
-0.1289
3.6861
-0.2185
-0.6632
-1.1865
-0.0974
-0.2798
-0.3423
-0.3777
-0.3968
-0.3124
-0.3059
-0.0278
-0.9069
0.3995
-0.0808
-0.5461
-0.8347
-0.2953
-1.0947
-0.5181
-0.0579
-0.1106
0.1692
-0.4451
0.2504
1.2112
-0.3598
0.0715
0.2767
0.4624
-1.4335
-0.0420
-0.3978
-0.3050
0.6475
-0.1992
-0.4553
0.4687
-0.4007
-0.0997
4.6776
-0.1974
-0.3988
0.2022
-0.1310
-0.0132
-0.2827
-0.2102
-0.1940
-0.3150
-0.1377
-0.2111
-0.4646
0.1067
-0.3437
-0.5773
-0.5470
-0.5648
-0.4365
-0.3493
0.1894
0.2865
-0.4780
-0.3612
-0.0654
-0.0580
0.3199
0.2555
0.0146
0.0152
-0.8866
0.2602
-0.1252
0.2004
0.8194
0.7246
-0.3759
0.0928
-0.5911
-0.0664
3.0138
-0.5482
-0.1158
0.8558
-0.4586
0.5004
-0.0611
-0.1006
-0.2517
0.1047
-0.3668
-0.2968
-0.1243
0.8061
-0.0198
-0.8333
0.1434
-0.1016
0.6637
-0.2997
-0.2617
-0.6324
-1.3516
-0.4241
-0.4013
-0.5609
-0.6250
-1.6661
-0.8139
-0.1533
-1.3337
-0.6456
-0.5114
-1.1111
-0.7374
-1.4500
-0.7538
-0.2990
-0.9698
-0.5592
-1.1852
-0.6532
0.0479
-0.6569
-0.3395
-0.9112
-0.2983
-0.4412
-0.9046
0.1977
-0.8735
-0.1130
-0.2986
0.8712
-0.2575
-0.8957
-2.0557
-0.7140
5.0761
-0.4226
0.4917
-0.0377
-0.4795
-0.0236
2.8698
1.4132
0.3604
0.4201
-0.0932
-0.4094
1.5112
-0.4605
0.1152
-0.2880
-0.3144
0.7395
-0.0651
-0.5563
-1.2391
-0.3358
1.0995
-0.6282
-1.0954
-2.0137
0.8578
-0.7410
1.0804
0.0629
-0.5071
0.9719
-0.1645
0.3593
2.2111
-2.7101
0.5866
4.4826
-0.4145
0.0832
-1.2351
0.2189
0.2844
-0.0418
-0.2132
1.9420
-0.9308
-0.8133
0.3091
0.9238
-0.0274
-0.0029
-0.6275
-0.3632
-0.2697
0.1208
1.2734
1.2296
2.0494
-0.2546
0.4840
-0.0641
-0.5285
0.8122
1.4364
1.4014
0.0134
-0.4934
0.0189
-0.2256
1.5399
1.0149
-0.0513
-0.1064
-0.2893
-0.5983
0.7648
-0.3748
-0.8994
0.0538
0.8198
0.0136
-0.2588
-0.0191
-0.0465
-0.4014
1.2878
-0.3459
0.6122
0.1905
-0.4723
-0.0586
-0.0672
-0.2438
-0.1908
0.1085
-0.6587
-0.5231
-0.0684
-0.2636
-0.9137
0.3660
1.3716
-0.1784
-0.4868
1.9454
-0.0423
-0.2735
-0.1995
-0.1243
-0.4257
-0.2454
1.1700
0.0942
-0.4506
0.8149
-0.1770
0.1495
-0.5659
-0.1774
0.1484
-0.1909
-0.2227
0.0329
0.5817
0.2076
-0.4180
-0.2502
-0.2556
0.5110
0.9451
-0.1131
0.4763
-0.3734
-0.2973
0.3334
-0.4943
-0.5798
-0.5158
-0.2412
-0.2539
0.1521
-0.5294
-0.0519
0.2443
0.2293
-0.0349
-0.4590
-0.0512
0.0791
0.6338
0.4712
0.3640
-0.0479
-0.2858
1.3972
0.3204
-0.1823
0.7451
0.1099
0.2045
0.6235
0.3174
0.2694
0.9702
-0.1488
0.2966
0.1241
0.9426
-0.7666
-0.3692
-0.7800
-0.1431
1.2578
1.9398
-0.5064
0.6923
2.3337
0.1404
-0.0180
-0.2180
-0.0220
-0.7868
-0.3383
-0.5693
-1.5675
-0.3326
0.1668
0.0986
-0.1042
-0.2856
-0.3394
0.0189
-0.0935
-1.1604
-2.7625
1.0490
0.0339
3.1928
1.3677
-0.4126
-0.2430
-0.3023
0.0594
-0.3482
-0.2025
-0.2040
-0.1533
-0.2156
-0.7827
-0.3959
-0.1688
0.2078
-0.3800
-0.2095
-0.8026
-0.2702
-0.7033
-0.5521
-0.2024
-0.5825
-0.2743
-2.0583
-0.2517
-0.2149
-1.8986
-0.2724
-0.3726
-0.2261
0.3044
-0.1275
-0.3978
-0.1432
-0.0395
-0.6213
1.8536
-0.1788
-0.3934
1.5349
-0.0059
-0.0933
0.7821
0.0013
-0.2929
-0.0176
-0.1978
0.1147
-0.6356
-0.0381
0.0285
0.0200
-0.1525
1.1451
-0.3439
-0.1831
0.1423
-0.5068
-0.6132
-0.0516
0.2626
0.1367
0.2047
0.3098
0.2921
0.3365
1.7614
-0.1661
-0.4181
0.4458
0.1211
-0.3788
-0.0584
0.4891
0.0927
0.3640
-0.3055
-0.1479
0.1257
-0.3445
-0.1718
0.6843
0.0073
-0.1959
-0.2275
-0.2163
-0.3105
-0.2135
-0.3667
-0.3696
-0.5089
0.0142
-0.1323
-0.8842
-0.1237
-0.1223
0.1242
-0.2441
-0.6125
-0.2934
-0.1458
-0.4874
-0.2659
-0.9184
-0.2385
-0.2936
-0.1060
-0.3123
-0.1730
-0.2114
-0.1289
-0.1329
-0.3267
-0.1445
-0.2336
-0.4040
0.0374
-0.1958
-0.5102
0.7228
-0.2376
-0.0592
-0.0690
-0.1952
-0.2337
-0.3124
-0.0756
-0.4357
-0.2931
-0.0879
0.5751
-0.1596
-0.1532
-0.5112
-0.3405
-0.1239
-0.3681
-0.2139
-0.2735
-0.3607
-0.3315
-0.1814
-0.1539
-0.4720
-0.4011
-0.2297
-0.4229
-0.0607
-0.2380
-0.2475
-0.0534
-0.3291
-0.3379
-0.1243
-0.1819
-0.6275
-1.2220
-0.1371
-0.2533
-0.0830
-0.1593
0.0472
-0.0291
-0.1180
-0.0593
0.2823
-0.1601
-0.2986
-0.2490
-0.2262
0.0572
0.2209
-0.2743
-0.7099
-0.2438
-0.2171
-0.0838
-0.3844
-0.5291
-0.2059
-0.3508
-0.2891
0.1530
-0.6926
-0.1724
-0.3387
-0.2939
-0.0100
0.0329
-0.1235
-0.0829
-0.1888
-0.2715
-0.1524
-0.2699
-0.5595
-0.6966
-0.0604
-0.1139
-0.2809
-0.2045
-0.1032
-0.0359
-0.1965
0.0564
-0.4245
-0.0741
-0.2553
-0.2265
-0.1196
-0.4458
-0.0498
-0.2433
-0.9207
-0.3770
-0.3213
-0.2029
-0.3762
-0.3184
-0.2017
-0.1777
-0.1988
-0.3236
-0.7401
-0.3492
-0.4829
-0.7368
-0.1173
-0.1317
-0.1708
-0.1509
-0.3739
-0.2722
-0.1439
-0.2942
-0.6447
-1.0167
0.0033
-0.3274
0.0153
-0.2174
-0.4234
-0.0236
-0.2323
-0.0811
0.4697
-0.1331
-0.2657
-0.1698
0.3907
-0.4677
-0.0620
-0.1916
-0.9885
0.2074
-0.2738
-0.2097
0.3033
-0.3782
-0.2611
-0.1682
-0.3139
-0.2752
-0.6595
-0.1640
-0.2890
-0.5209
-0.2162
-0.0166
-0.2596
-0.2746
-0.1920
-0.1570
-0.2127
-0.2488
-0.5164
-1.5079
0.2078
-0.4217
-0.0566
-0.1279
0.3647
-0.3878
-0.0682
-0.2980
-0.3352
-0.2960
-0.2629
-0.1541
-0.2464
-0.4144
-0.2292
-0.2975
-0.8661
-0.2780
-0.1681
-0.2901
-0.2324
-0.4382
-0.3096
-0.2909
-0.3656
-0.3835
-0.6734
-0.1961
-0.1285
-0.1980
-0.1419
-0.3791
-0.3191
-0.3209
-0.1964
-0.1522
-0.0873
-0.2628
-0.4236
-1.5236
-0.0703
-0.5014
-0.5477
-0.1313
-0.2270
-0.0727
-0.1646
-0.2121
-0.2738
-0.1063
-0.1597
-0.1829
-0.0894
-0.4994
-0.3211
-0.0717
-0.3641
-0.2704
-0.1653
-0.3609
-0.2907
-0.2086
-0.3358
-0.3509
-0.1464
-0.2457
-0.7342
-0.1287
-0.3233
-0.6252
-0.1180
-0.2898
-0.2471
-0.1717
-0.2152
-0.1742
-0.2673
-0.1439
-0.4663
-1.6179
-0.2040
-0.4629
-0.5148
-0.3331
-0.5975
-0.1681
0.0020
-0.1880
-0.0261
-0.0687
-0.3082
-0.2462
-0.0618
-0.4109
-0.2118
-0.1764
-0.7612
-0.0987
-0.2119
-0.2944
0.2273
-0.3952
-0.3632
-0.2128
-0.2730
-0.2649
-0.7107
-0.1693
-0.3677
-0.3809
-0.1456
-0.1456
-0.3331
-0.2371
-0.3793
-0.2885
-0.2202
-0.2439
-0.3304
-1.9710
-0.1040
-0.5061
-0.3512
-0.2781
-0.1567
-0.0794
-1.9486
-0.9724
3.0048
-2.9525
-0.6142
0.1719
2.3447
0.2954
-0.4055
-1.8717
-0.3681
0.2872
2.0719
-0.1315
2.7304
1.9590
1.5702
-1.0527
1.7528
0.4205
0.0702
0.4323
3.0137
0.1099
1.5995
-0.0470
-4.2786
1.0692
-1.4673
0.8904
-1.4361
-2.4113
-0.4233
-1.7329
-0.1256
-1.5746
1.0349
0.8764
0.1271
1.2359
2.7242
0.3142
-1.4850
2.1355
1.5563
0.4689
0.7043
-0.6779
2.1854
-0.1376
0.9205
-0.3569
-0.0138
2.4777
-0.6703
0.6103
1.3311
1.0441
1.1282
-0.3101
-1.9048
2.8761
-1.1080
-2.7639
-2.3497
-0.0781
-1.8657
-3.9704
-2.0224
-2.3547
-1.3464
5.2410
-0.3103
1.0760
0.7881
1.6789
-1.2876
3.1846
0.3567
0.2604
-2.7816
1.6166
-1.3332
0.8498
1.5568
2.9299
1.7601
-0.4789
3.2308
-1.4382
1.4927
-0.7723
0.7709
-0.5399
-1.9680
1.2933
1.9719
1.4175
-0.6349
-0.2845
-1.3200
-0.2595
0.6738
-0.9158
-0.9791
-2.3494
1.6117
0.7782
3.4903
-1.6812
2.3724
-0.6557
0.1401
-0.4003
-0.5123
0.1190
-1.5889
3.2049
-2.6096
1.2422
-0.6220
-0.3390
-1.7343
-1.9125
1.0750
-0.1186
1.8904
1.4730
-1.4172
2.8385
0.6875
-4.7225
-0.8139
0.5736
-3.0448
-1.3348
2.4679
0.5015
-2.4193
-0.2948
0.2981
1.8107
-3.1071
-2.2853
-1.8533
2.9029
3.5680
0.9850
1.6147
1.5468
0.8018
1.0959
-0.5143
0.1788
-3.7816
1.9225
1.2123
0.7626
-2.7182
1.4271
2.1812
-0.5071
1.6888
1.6634
1.8355
-1.6858
1.2657
0.0062
-1.4631
2.3318
0.6547
2.0314
0.0341
-3.6859
-1.8145
-0.3891
2.4020
-2.2708
-1.2907
-0.0711
0.6159
-0.2817
0.7442
0.7168
1.3396
-2.0376
-0.7471
-0.3684
1.8472
-0.0700
1.3832
1.3008
0.6583
-0.1075
0.3815
0.0376
-0.8554
-0.8794
-2.1011
-1.2961
-0.5426
-0.1055
-0.2696
0.7518
-1.0739
-0.2567
-3.1348
0.5660
0.5602
-1.7924
1.5687
1.0234
0.3604
-0.3269
1.3711
-0.1462
-1.8481
0.6791
0.8251
-0.0760
0.7622
-0.7689
-0.3414
-0.0648
0.2305
0.3082
0.9601
4.3223
2.1311
1.4359
-1.7765
-2.0488
-0.0604
-1.0723
-0.2047
0.5843
0.7312
0.7124
-0.7766
-0.5771
3.1835
0.6451
1.2198
1.4703
-2.3756
-1.8675
-2.4112
0.2517
-0.8770
1.2864
-1.1865
2.3947
-0.1605
1.2110
0.2366
-0.4742
-3.4787
2.9946
0.1779
1.0056
-0.6385
-3.0488
-0.2188
-2.6443
2.1134
0.0107
0.3912
-1.2103
-1.9413
0.0511
0.4483
-1.8415
-0.0036
1.0726
0.7391
0.6894
0.9673
-1.4284
2.1178
-1.5634
-0.8020
-0.4673
-0.0940
-1.7511
-1.0993
0.4686
-0.1464
-0.3131
-0.8076
0.0325
-2.0138
-1.4086
0.0788
0.5200
1.3271
0.0400
-1.7988
-1.8437
0.3397
-1.5182
0.2973
-0.9666
0.3857
3.9661
0.0998
1.6938
0.2626
-0.2881
-1.8943
0.8029
-0.1800
-0.3703
-1.3384
1.0033
1.5263
-2.0635
0.7959
-2.5241
1.7122
-0.3018
-1.7586
-0.1175
-0.5528
-0.0497
-1.2263
-0.1543
-2.2483
-1.1502
-1.0541
-1.3682
-2.0103
0.9821
-2.3889
0.3353
1.8197
-1.8083
-2.8485
-1.4858
-0.2888
0.8820
1.5965
0.6001
0.0028
3.4154
0.1239
-0.1416
0.3802
-0.9788
-1.8395
-0.2037
-0.4696
-0.1984
1.7202
0.1787
1.0787
-1.4378
-0.9691
-4.1042
3.8174
-0.7436

Direct connections:
